L,t,μ,J,Q,θ,ϕx,ϕy,ϕz,V0,V1,ndims,periodic,T,λ,Δ,K,Π
7,1.0,0.75,2.5,0.6180339887498949,0.4487989505128276,2.572653802624701,1.2470590280752707,4.456291034676146,2.0,-1.5,3,true,0,1.53203528096312,"ComplexF64[-0.0004182563005546607 + 0.0010713803456358793im, -0.0027846711299315025 + 0.02535841161217285im, -0.007263374513031278 + 0.012359220460117606im, -0.005574689590910456 - 0.0038122681481912914im, -0.00017528308799240607 + 0.0033512485627090393im, 0.00034948457625458165 + 0.0029244683748171664im, -0.02921461297433264 + 0.022822107672215576im, 0.004475555350158032 + 0.0019433561332014388im, -0.0015776302772186521 + 0.0006317821725587583im, 0.005001858593466333 + 0.00042148304388753114im, -0.0012750842418880381 + 0.0016590344177837785im, -0.0006879311093229158 + 0.0005157905684157733im, 0.0005391233836897908 - 0.00029561062807293673im, 0.00234205401486518 - 0.001024649312508774im, 0.0010025686379614594 + 0.0004823231056305599im, 0.00020509529368109775 + 0.000876650090224354im, -0.0013158408393968252 - 0.00046619525729139086im, 0.00013823547253782292 + 0.0006487389516366772im, -6.911167721170964e-5 + 0.0003050897219741003im, -0.0028162508017378065 - 0.0008970716330521199im, -0.010562031594305429 - 0.004541966275758824im, -0.00013854364705092557 + 0.010732933972155329im, -0.00024397764040206413 + 0.0036735357045681403im, -0.0007692654728021556 - 0.0015496600003235732im, 0.008288016792574808 - 0.007661202505692184im, 0.0009962368229031954 + 5.703429957955264e-5im, -0.000488324981024322 + 0.000801980284550886im, 9.576367354425758e-5 - 0.000489369300869124im, -0.0008181361253843128 - 0.011469207247246281im, 0.029294887375405938 - 0.005730586186668738im, -0.003787934689921683 - 0.0032991235944787034im, -0.0016697123251028416 + 0.0054922673217436616im, 0.000204380435412946 - 0.0007040344185119078im, 0.00012862930730022805 - 0.001294356469777218im, 0.00015980434250131037 - 0.00011589933748030398im, 0.03212496786900023 - 0.035757051075961534im, -0.008338853662023896 - 0.0008541259902709593im, 0.0008814053685051751 - 0.016697428344919166im, 0.0023679686699778694 - 0.0013867409019285356im, 0.00031275955913379316 - 0.00035111623613138306im, 0.0008007618271099853 - 0.0005890106175896303im, 0.0008359245463769022 - 0.11642174231538288im, -0.008902356107957261 - 0.000646655522765451im, -0.0013196687644017858 + 0.001405896838853592im, -0.006060519956824914 + 0.003131376825899139im, -7.402992140761877e-5 + 0.00014232317022345518im, -0.005862880810914386 + 0.004275405860595562im, 0.0038530364646139066 + 0.0017199525447840665im, -0.004594001041105311 + 0.010420331675872698im, 0.0010442799058292837 + 0.003709373547832117im, 0.0011464327158550208 - 0.004544819586063342im, 0.0017240009830587779 + 0.00013268783412999176im, 0.0008634871485588023 + 0.0017903678234127962im, 0.0017505397662415884 + 0.00013500050050729232im, 0.0010886248943838583 - 0.004881703148029302im, 0.02244446311116862 - 0.007144515806092545im, 0.0021826192710593124 - 0.00044260873431296356im, -7.043794396731506e-5 - 2.3681267094249217e-6im, 0.0012327976303520675 + 5.7111235358551403e-5im, 0.0009792547149932418 + 0.0008693008998343928im, 3.86607208234727e-7 - 0.00017833265400642656im, -0.0034796619317110965 - 0.010983580137570033im, -0.00022981343472452888 - 0.0009406273923825753im, -0.0017501837899475494 - 0.004669924517556413im, 0.00035441924834322014 + 0.0007583848096256089im, -0.0002660683613410319 - 0.0006739183540377866im, -9.729515324857173e-6 + 0.0001763667084123535im, 0.0014835342320820703 - 0.0008599826630045232im, 0.008775027155140558 + 0.0007526512983623589im, -0.00020068094573989832 + 0.00027335460406682966im, -0.0012358783595081066 - 0.00040198259725582726im, -5.2563711824149556e-5 - 5.495177479533731e-5im, -0.0008346332109865524 + 0.000483220337211113im, -0.0019793903245036676 + 0.0017834628188869715im, 0.0019233335392293102 - 3.2188488510548546e-5im, 0.0064620264386741144 - 0.001619931590555308im, 0.0031442421823926537 + 0.0008760582249245334im, -0.0026123882848654457 + 0.0014264731777147062im, -0.0022545837881718473 + 0.00035267218991946985im, -0.00021449351531954803 + 0.001776909283544193im, 0.0017484020146119501 - 0.0023198590657798825im, -0.0012310397028835352 + 0.0013379690560483004im, -0.0010067802145303794 + 0.0004758066164836113im, -0.0015731782257130415 - 0.004859893683920519im, 0.005088467583630388 - 0.00012906806368755255im, 0.0022804740839896106 + 0.001233487392575045im, 0.0017488736888529586 + 0.000801119769492257im, -0.0011628480669527226 - 0.00048090966452906704im, 0.0003358287336056986 - 3.9774649797833924e-5im, 0.00048123884382523775 + 0.0004603577425836389im, -0.010207593137652935 + 0.028813235003788417im, -0.04597357537175691 - 0.028529640375717865im, 0.0004073630195622713 - 0.04262437436165082im, 0.0007110712675194159 - 0.0008442267330205983im, -0.000777655802843562 - 0.007413066414382714im, -0.00701487025358493 - 0.0022126953867979337im, 0.009335205879822532 + 0.017230748759690204im, 0.0027088345141129126 + 0.0013214500328101193im, -0.004022468562632412 + 0.011407936231411408im, 0.0026419595842005748 - 0.0021376380031537085im, -0.00016064964939075177 - 0.00022921023069303353im, 0.001829563647361058 + 0.00034373174460861685im, 0.00026413861511833926 + 0.0009204457335934374im, 6.473398729469316e-5 + 0.0023598088106251925im, 0.004309377066105326 + 0.0010565260484822383im, -0.0016918648835674397 - 0.00046914391529302534im, 0.0012108199152072216 + 3.50531122210034e-5im, 0.0018404885754543625 + 0.0014401715282104377im, -0.0031257630202155 - 0.009072437615537844im, 0.0004397258947224125 + 3.38276619851855e-5im, 0.0031776725486632406 - 0.0008269847399971695im, 0.0007023888922255964 - 0.0009274244143772764im, 0.0008058377564320158 + 0.00292728190838997im, -0.0014688249923747283 - 0.004842604579816311im, 0.0029518975128650505 - 0.004489900347958438im, 0.0005183442837584858 + 0.0018765162506572382im, 0.0008697572303088033 - 0.00011020990434547848im, -0.00010222088122134346 + 0.00018444735250775857im, 0.0018929764141680477 - 0.0010728527866925397im, 2.0148015102254754e-5 + 0.00042779589800392526im, 0.017791237128165188 + 0.004232059006763759im, -0.005346778634944233 - 0.0004301425786109153im, -7.975981690803818e-5 + 8.530057951284518e-5im, -0.0007077518644171885 + 0.000577279138387063im, -0.001190278924580511 - 0.00012994698715442673im, -0.0062152145965590115 - 0.006577671875158969im, -0.0002574902833643235 - 0.002827173803753453im, -0.012269970737352174 - 0.006867620576032771im, 0.00034353197600095947 - 0.0006162894569748259im, -0.002724494037765732 - 0.00042435860694091854im, -0.0007373078772413843 - 0.0006398925512150146im, 0.000351629260714481 + 0.00025592198188636604im, 0.0003683758609997611 - 0.0008321975937551746im, -0.03238365195293733 - 0.009779121912895974im, -0.0020814813654289957 - 0.004826364085450039im, -0.0033444839401982752 + 0.0002880797583061818im, -0.0005755414322451524 - 0.000785467658027816im, 0.0001581525554292872 - 0.0021526375429077025im, 0.004607525219166375 - 0.0023706328614648115im, 0.0004696820005932823 + 0.0004331727186166596im, -0.00908925480295589 - 0.01539829800207531im, -0.012950525305650672 + 0.03314055280735083im, -0.003910876883668783 + 0.0015259716684737337im, 0.0021663145647049117 + 0.0016113282798859135im, -7.59739156963211e-6 - 0.0006616185437075064im, 0.003341260380117778 - 0.01689030798459021im, -0.034260989476848705 + 0.02807650221684795im, 0.02591737154864674 + 0.011088910287177255im, -0.0015551601488367577 + 0.003419246500089307im, 0.00010298715689587644 + 0.0001449376883829516im, -0.004377055823050561 - 0.004576516844003542im, 0.0006664160384202145 - 0.0015898182670976372im, 0.0015591846058829225 + 0.00043574127602561823im, -0.018360230923694744 + 0.0015802841629346915im, -0.0002506184797833297 + 0.00011411431995901013im, 0.0013086049453671054 - 0.0007923557113138889im, -3.181667693796216e-5 - 0.00014753876362281286im, -0.001157368046287516 + 0.05966934532370952im, -0.02199826214392969 + 0.0058092085110515055im, -0.024460271947916102 - 0.0006466599402808853im, -0.0038526386851781332 + 0.0010049103908068146im, -0.00017807711328222275 + 0.0002963692790486062im, 0.0013340450254805752 + 0.0012799377970810484im, -0.0009331101988020247 + 0.00015974914199176157im, 0.008398126610721578 - 0.0026831444422736757im, -0.003330584242143907 - 0.0003491015844950126im, 0.0022020307410481835 + 0.0016146960226125452im, 0.0015992200709610423 + 0.002143158405144404im, -0.022325078478642714 - 0.00614860184950014im, -0.009900987796599 - 0.009027067916634135im, 0.00040089124984037127 - 3.734793530382311e-5im, -0.0016322756955475166 + 0.0008722056824743926im, -0.00010478779827983915 - 0.00032365443865096477im, -0.000671802525700766 - 0.0002961525392613939im, 0.0011034614695017923 + 0.0013952721007115627im, 0.0005894109850062928 + 0.0005500703745977831im, -0.0001602511136573832 - 0.0003587638537432312im, 3.2879443841194044e-5 + 0.002648607642896255im, 0.009441472747056414 + 0.006991017450045401im, -0.0014445498174559413 + 0.00287238557536066im, 0.005545880691185785 - 0.0024948453796226635im, -0.011138603585751196 + 0.003351851466521065im, 0.05314032801469244 + 0.04214788417925607im, -0.000151059382695216 + 0.004794426881037895im, 0.009122009965139215 - 0.005181014819844104im, 0.0006664739301886817 + 0.000725893340494859im, -0.003643942034607892 + 0.0049460724876972595im, -0.015403301338643158 + 0.00040158073976872557im, 0.0014454988246635429 - 0.001295401038539578im, 0.0015241480452962133 + 0.0016850266025090395im, 0.002478341733130447 - 0.0027523197961018477im, -0.015599822703141487 - 0.004864681580159654im, 0.00035989425312769343 + 0.0004808651633367094im, -0.0071004809583730824 + 0.007826341995603546im, 0.003522958494286199 + 0.003078985171789203im, 0.0013431852979620804 - 0.001965365196458571im, -0.005740609009986689 + 0.018975943673790067im, 0.012510971901271402 - 0.009500022843954783im, 0.0012162381999585251 + 0.0020717729207612367im, -0.0005977676536809107 + 0.0009056768177712331im, -0.0008792563868066938 - 8.658195425301152e-5im, 0.0007819557704430971 + 0.00045507443119194703im, -0.0022857378058049596 - 0.020641798505074364im, -0.00765551964914815 - 0.005122318600612243im, 0.006531591932235636 + 0.009549431117175735im, -0.0021804872780643646 - 0.0033008799392977447im, 0.043461741006324064 - 0.07175518341308852im, 0.02673487721036341 + 0.0019124889523670573im, 0.008590725192390451 - 0.006597735513978251im, 0.00294347102384602 + 0.005395702471899891im, 0.0017716580427604364 + 0.0005683828441929822im, -0.006168482075586974 - 0.007242399042752291im, -0.0013300995992045408 - 0.0020852989736519292im, 0.001489467026739699 + 0.00023611718490896614im, -0.0001223416945322852 - 0.0006621101885093575im, -0.006230720013369497 - 0.0034559354147193117im, -3.7860975342268295e-5 - 0.00020900333770379514im, -0.0009261609691917933 - 0.00036008526768674674im, -0.0010078194903428578 + 0.0019739528739942517im, -0.0013120275656327324 + 0.0031633537320019754im, 0.0003027549640207932 + 0.00012447073536469669im, 0.00034858459157423473 + 0.0008691500114680299im, -1.4152981435647811e-5 - 0.0002768280499233417im, -0.0037771769958941342 + 0.009395744837496368im, -0.0004650928772015574 - 0.0009414227285784402im, 5.621623397240197e-5 + 0.0023277913446109063im, -0.0008747018527345511 - 3.6974631456218005e-5im, -7.263367699146631e-5 - 0.00016272624880731392im, 0.000652746280609717 + 0.00016740974566550646im, 0.0008842151526464783 + 0.0061383847361212345im, 0.023012335188422932 - 0.011550285104097037im, -0.027110041203160618 - 0.042115363988680175im, -0.00010080914747114135 - 0.00023121055689314009im, -0.006755332978351866 + 0.0002017236055748622im, 9.590622092561367e-5 - 0.0013153243042777869im, -0.0013844101988417456 - 0.000569375563425934im, 0.002375480301221287 - 0.0013539460646969368im, -0.0367717737658791 - 0.0023903568178320765im, 0.0024826325249425996 - 0.0033460291370759018im, -0.0015795173448616552 + 0.0014293752616861086im, 0.0004333772730265132 + 0.0006459843258842205im, -0.0002534093538109815 - 0.0005987429382892622im, 0.006639622798685121 - 0.007110234863733594im, -0.00017637663463252284 - 0.00035980343654194654im, 0.025675230437339644 + 0.0022004553092043397im, 0.003577364423227871 - 0.0009194220132254312im, -0.0068652727417149615 - 0.00155236342714676im, -0.002119936819652531 - 0.0025430091100368314im, -0.0018364733039238899 - 0.0013097292374497982im, -0.00019814581332079588 - 0.00012944685366682963im, 0.0027714542226473745 + 0.0021627075979727527im, -0.0002511965194840419 + 0.001038301766269871im, 0.0025017970525623738 + 0.0009899939562531214im, -0.00014118560447257456 - 0.0004248690736687341im, -0.0021247891518545513 + 0.00558541303658461im, -0.020076058121634544 + 0.006410148890565234im, 0.0004933902164599955 + 0.0007559732140794053im, 0.00043214712952797284 - 0.0008613570145589397im, -0.0013217431860086917 + 0.0022955848461385835im, -0.0013742888242258733 - 0.0004755548786648721im, 8.053443190006386e-5 + 0.00014674440631032415im, -0.004136802053426466 + 0.003909286033774477im, -0.000774176900271302 - 0.0016821363454551776im, -0.0008859488547246922 + 0.005570973518586937im, -0.0006054762813169177 + 0.002153626527323067im, 6.324814951291003e-5 - 0.0003205001386486364im, 0.00014682678207256393 - 6.381782891983723e-5im, 0.002798514124069508 - 0.00269626497116298im, -0.0004716112175065681 - 0.002000021314473418im, 0.004766476634555105 - 0.003836916205447522im, 0.002324451331924159 - 0.012721642934299351im, 0.00016196125986136468 + 0.00035107834320283036im, -8.534925571040502e-5 + 0.0001978032803732878im, 0.0027529917112693782 + 0.002402395313626781im, -0.0031015079074689033 + 0.0013752694660504289im, 5.326659793917999e-6 - 0.0006990100494082312im, 0.0026002040969246207 + 0.005210524543517507im, -0.0020435260248245907 - 0.003416000480454121im, 2.5736936204068458e-5 - 0.0005029389588392193im, -0.0007331255258050267 + 0.0006753662082681325im, -0.0008427265669003371 + 0.0027205274388740147im, 4.391523480979258e-6 + 0.002437927084384597im, -0.0007731526583452368 + 7.698734728774405e-5im, -0.0009948169755642571 - 0.0014590100453662914im, 0.002160441709700603 - 0.005860286732463272im, 0.0018222269207942186 - 0.0036199790058389692im, 0.006557930544718407 + 0.010133110468856267im, 0.001028988480787637 - 0.0006259761638692636im, 0.00485276362155214 + 0.00026773898299048936im, 0.006533320873215648 - 0.0036787359363116257im, 0.00031394061910524024 + 0.000506895036746516im, -0.021021839230320586 + 0.03204294612551684im, 0.0003471678322495335 - 0.001150233430660591im, -0.0006027946094280687 + 0.00048612578783664386im, 0.021503785367609156 - 0.00016730135096906676im, -8.40522602776408e-5 - 0.0007984013755580849im, -0.00044533457863844096 + 0.0012426917999080846im, 0.00015868423173789694 + 0.001884857496289747im, -0.004471110429204554 - 0.0025649583269335345im, -0.0003471093410398413 - 0.0008652573533339184im, 0.006568239313049293 - 0.018588907499397383im, -0.001104048399260362 - 0.0007378993677632221im, -0.000501368757477882 + 0.00020407838544581628im, 0.004680358503577757 - 5.0915660922222756e-5im, -0.00019984747365675925 - 0.0001114400317216623im, 0.00019930447563044592 + 0.0009605615928719115im, 0.001328494248675279 + 0.0012191301788113467im, 0.001451056157668054 - 0.0017693141932431599im, 0.012264198812536809 - 0.0018997543547850586im, 0.00031137794295010184 + 0.00018971612305160597im, -0.0004078733446209454 + 0.00027873148930294614im, -0.00033393565821993694 - 0.0006778709890035853im, 0.0042479372844934065 - 0.003964356416883758im, 0.0022322268723041876 - 0.0009445332060005399im, 0.002861326294167448 - 0.004004875708862579im, -0.0002089857621685812 + 0.00036483519766024016im, -0.0023147002987775546 - 0.00663514590118777im, 0.00045614858430944693 + 2.4912247668914045e-5im, 0.00026594991046555416 + 0.0012656179635147822im, -0.0015235851480202714 + 0.0004203125237423266im, 0.002262584475920128 - 0.0033536248846880745im, 0.002864259675512942 - 0.0024225396568246563im, 0.006757136989377515 + 0.015540833993982114im, -0.00902248294115987 + 0.007989521254090037im, -0.0063091116318344225 - 0.004423132565435818im, 0.01032244448636265 - 0.013066381489468565im, 0.0011202177328514234 - 0.00019856519372568122im, 0.0026648157903106117 + 0.007941552484422599im, -0.02356361589142216 - 0.007676236362473402im, 0.010777187855774549 - 0.07111931558637478im, 0.03225493615128651 - 0.0006140247774828933im, -0.00011480304777916572 - 0.00011693607512879551im, 1.55904781242623e-5 + 0.0001638517770869507im, -0.0006463647707940723 + 0.004347517748909917im, -0.02500243943824029 + 0.0037009515104393185im, 0.018029153387903736 + 0.01011421952401779im, -0.013793278624950252 + 0.021463889949994798im, -0.0012289958049863982 - 0.00036333362599120497im, -4.769557955343914e-5 - 0.005852588627804488im, -0.00035492595690827573 - 0.00024317931128503195im, 0.011383238543019444 - 0.005528948097963347im, 0.002025192983128304 + 0.00047403062192183994im, 0.0023964946522325747 + 0.02624396797060552im, 0.0023369570003231453 - 0.001285435549862472im, 0.0008339236990229051 - 0.003517931419727301im, 0.016835457473410302 - 0.03476311448136757im, -0.009737022615856546 + 0.004470655759686043im, -0.0010383567085417366 - 0.00402109566755021im, 0.00044405601513510597 - 3.32688787399613e-5im, -0.0035624251038182775 + 0.008290155669025379im, 0.0041298830189602535 + 7.983240632148357e-5im, -0.006565695689256932 + 0.003904113930868438im, -0.005265430969476046 + 0.00418770323309596im, 0.00016045024538406249 + 0.004467025216428054im, 0.0013063944789137353 - 0.0028300312203766334im, 4.232615957529534e-5 + 0.000541967757086523im, -0.0006525234447419575 + 0.00014537665717586002im, -0.0008816702540410573 - 0.003034809362732214im, -0.0003295669823026571 - 9.299568251575293e-5im, 0.0006393364403747338 - 0.0007391391522163268im, -0.0006438311209235954 - 0.0005302206902906813im, 0.00019150701752574197 + 0.0001451938652997266im, 0.0007074778737084039 + 0.00015212799765393657im, -0.0005328268798811839 + 0.004550694080182231im, -0.0015891075932771665 + 0.0015808361961083934im, 0.00066160168362948 - 0.004449474785046516im, -0.0023907768484163093 + 0.0017962453372494152im, 0.0017866479173573706 - 0.004233669265419682im, -0.0014821773635716434 + 0.002925675031962888im, 0.0006315396148081115 - 0.0007738393522121804im, 0.0005558591892366058 + 0.00011170012750265514im, 0.00029411244473785876 - 0.00041082489523227265im, 0.009977150189248458 - 0.0027959098599320505im, 0.01817909950163239 + 0.004299747727684218im, 0.0014049485574068148 - 0.003664969315306139im, -0.0011285778830782318 + 0.0001466033169049922im, -0.00021291045951662554 + 0.0011639237322287675im, -0.0017080851126976173 - 3.5666976477179525e-5im, -0.07353131790634086 + 0.21427939600644103im, -0.03920793759530063 + 0.005803454639270718im, -0.01085567580116697 - 0.014750267481916187im, 0.0035430373699074998 - 0.005052027393241889im, -0.0008045299274039053 - 0.00039130659873472435im, 0.0007851579498269791 - 0.0002855533900020076im, 0.004154243914079019 + 0.010380274459958249im, -0.008981492165132911 + 0.0058707547702805405im, -0.0035435443391953515 - 0.0022099819113178577im, 0.0013449438089666143 + 0.014476568081032454im, 0.00027317813508649554 - 0.001064968781504517im, -0.00235339360277804 + 0.0005060328590055831im, 0.006322753489605325 - 0.0043487511890760045im, 0.0014326277572750264 + 0.010881487104346539im, 0.013366182686767336 + 0.005421887938797371im, -0.0026639133982901443 - 0.0013800727346758538im, -0.0035170328092705232 + 0.0014901560873301592im, 0.00013184293007383375 - 0.0005806870735800758im, 0.005457920990429595 - 0.003867311101635949im, -0.0026692592535603483 - 0.0018273520033598503im, 0.003977156539920413 - 0.008771782575976985im, -0.00022866477071561 + 6.382252901832582e-5im, -0.0001128398598584863 - 2.2726695434363886e-5im, 5.9922337463460496e-5 + 0.0001769713193742892im, -0.0015356196805552042 + 0.0001461327727310639im, -0.0009660805779099361 - 0.0011455327813574639im, -0.00133503323272923 + 0.000752405608931505im, -0.00041096420755350383 + 0.003217512273695757im, 0.0002766800288857682 - 3.350828089296324e-5im, -0.0015344261491796385 - 0.003719574365670971im, 0.0002809762894201724 + 0.00034090424510612816im, -0.0002860559449524294 - 0.0002578638481648664im, -0.0003303939053728815 - 0.00014281742596190843im, -0.004358141161511161 + 0.0018043449691233302im, 7.683918089996915e-5 + 0.00035122389279388137im, -0.0010261887836174814 + 0.0003055429131446365im, 0.0004704685385401737 + 0.0001494309401597608im, -0.00029563341620377897 - 4.3506024875097086e-5im, -0.0012805914141168565 + 0.0015437272827449062im, 0.0007009976928007514 + 0.001118937954565639im, 0.0030356379205969887 + 0.00028408211161314983im, 0.006521419756012808 + 0.004209072621827934im, 0.0002973499086428776 + 0.0035064283149904858im, -0.0035193790763323493 + 7.682178264437464e-5im, 0.0013157016955755347 - 0.0006829299468677903im, -0.001011331397295967 - 0.00012860981373646294im, -0.0001712626038558981 + 0.0001731258898290906im, 0.0008100679926513029 - 0.0013782829750044133im, 0.0011454914424429395 + 0.00022460123624424186im, -0.011921847790328281 + 0.010472908208739043im, 0.0030273905077372256 + 0.0011648269622604763im, 0.000498985146988214 - 0.0005381216759566682im, -2.6596175863286045e-5 + 0.00023920910810550487im, 0.0003102960250317704 - 0.0004731162111104069im, 0.0005316355098397325 - 0.00011302792509389222im, 0.0032594224405935097 + 0.00858343519911029im, -0.21779249087510183 + 0.05774734485058071im, 0.03279540639222923 + 0.056341826178063374im, 0.0018942222204655352 - 0.005028872975319773im, 0.00031767176374352117 - 0.0012994509747978583im, 0.006369592187512179 + 0.00352320747750407im, -0.0038229600184869 - 0.0018369976122249725im, 0.0015529241024160227 - 0.02413018258592216im, 0.005187618590394583 + 0.0009783446123981063im, -0.0013760964923262692 - 4.015033651139076e-5im, -0.001173649601378933 + 0.00019734096361086575im, 0.00025779042006327495 - 0.0005506015719649857im, -0.0017903627680344307 - 0.0003122065932320747im, -3.959762957535728e-5 - 0.0016813797811269322im, 0.0023010938960252333 - 0.00038232387114505047im, 0.0005905582099725412 + 0.001281565137077935im, 5.554532929556005e-6 - 0.00012919029644261902im, -0.0019664290093887996 + 0.0006080123614737111im, 0.0021633634787680297 - 0.0014672244246597354im, 0.0009104879970268414 - 0.0020988939356984602im, -0.0010044442050301712 + 0.0004378633009482494im, 0.0010763053137180648 - 0.00035056195093092666im, 0.004400252666036778 + 0.00039162133557800954im, 0.0002769259383676927 + 0.0009535391045848011im, 0.007221705166219343 - 0.006521085570916542im, 0.0036703601995449957 - 0.0057297562791313325im, 0.0002795950064408544 - 0.00027918362649669823im, -0.00042991127577945705 + 1.2233938371914892e-5im, 0.00028856978673470605 + 0.00020772534279755577im, 0.0009692667471368674 - 0.0011743606364267606im, -0.003053539719954307 - 0.0011850021719011403im, 0.0011846037852206242 - 0.00954323555237073im, 0.0002910506641529844 - 1.167223126635069e-5im, -8.555906961845195e-5 - 6.50856096074996e-5im, -0.0010315590865369016 - 8.239970629752456e-5im, -0.0012809690796725553 + 0.002022906134351486im, -0.0008671712819376922 + 0.0023925046780833258im, 0.007838401006538633 + 0.004836575212619426im, -0.0008446964204140213 - 0.0018762818021205974im, -0.0007097885738538701 - 0.002721903534216654im, 0.0014739560920490973 + 0.0004262776618633516im, 0.00013896059009781508 + 6.929893481809461e-5im, 1.8938125792336458e-5 + 0.0003826762442886766im, -0.017836546184447744 + 0.006850983819339414im, -0.009292669358461271 - 0.009639609470232981im, 0.0011435284844369565 + 0.0035560776330908358im, 0.00022385944168925757 + 0.0007206027265419935im, 0.001093075863533136 + 0.0009221404853114037im, -0.0019829835236621967 + 0.002918339601833117im, 0.0031025722780003173 + 0.0022017305997024607im, 0.21829589833968976 + 0.05992104585197037im, -0.003672265044655219 - 0.015563321137541072im, 0.01547498382697179 - 0.010607009915835014im, 0.00035437403069339636 + 0.004306915583726235im, -0.001177492093358833 - 0.0016786636742568495im, -0.00041444204954531756 - 0.0024976099244684987im, -0.013129338343732136 + 0.006048770645113121im, 0.053073515450859886 - 0.022748592159194093im, -0.003262184985527986 - 0.010023643011744078im, -0.0010205394349465187 + 0.0003140959208139931im, 0.0006769669349934543 + 0.00040122608327040785im, -1.780268225419284e-5 - 0.0019605246938269715im, 0.0009564826769760101 - 0.0011467057186887613im, 0.004724498946930552 - 0.006849113074296233im, 0.001226220876747808 - 0.0005743116809201028im, -0.0005782139163742706 - 8.580381894400882e-5im, 0.0010324217772768268 + 0.0001248495075882461im, -0.0020147935505880968 - 0.004715782050450089im, 0.025523321846231288 - 0.03252460650104105im, -0.0248786035165735 - 0.005637807360058253im, 0.00234446315756144 + 0.0051488868648664im, 0.0004908858151172652 - 0.0013322506556862142im, 0.0005424513120035553 + 0.0005744612902027402im, -0.000957111875075835 + 0.00011850710822236759im, -0.0012656576549217714 + 4.083462183021166e-5im, -0.008916605557280775 + 0.004620711828609062im, -0.00022901285842903837 + 9.295007001321737e-5im, -2.622471777159395e-5 - 0.0018478126800291605im, -0.005701946145211673 + 0.005198884765530553im, 0.02252084448671419 + 0.01416217011323625im, -0.0004260720111811153 - 0.0005936683069121929im, 0.0005597879938541537 - 0.00024629519865174897im, 0.0017015848127146275 + 0.0005285998409602151im, -4.829846284968942e-5 - 0.00024314960941370034im, 9.278202419911387e-5 + 0.001555282590972135im, 0.0033414097226753324 - 0.003173398916761989im, 0.00027876439296361274 + 1.1961768361980008e-5im, -0.0005041737317958302 - 0.0005989483149846051im, -0.0032052832448371967 - 0.00027700708847315834im, 0.0004922271184289228 + 0.0052718452232403176im, 0.0020793862164807057 + 0.005652523930462183im, -0.0028533372780252643 + 0.021593627881604713im, -0.00903792236098037 + 0.0008775879240653137im, 0.006980602363918272 + 0.015189419779532034im, 0.0007102023496483402 + 0.0014358734328293401im, 0.00636753766526251 + 0.0027935848626217297im, 0.0035484904284129263 + 0.004310911710417341im, 0.01443514425269851 - 0.010813060731985055im, 0.0029712290461336253 - 0.005884988296045807im, 0.002304089110244615 + 0.0013906444779214315im, 0.0014420841852637936 - 0.0014918538119959254im, -0.015829054431167076 + 0.002053257808314077im, 0.0025195355413565666 - 0.0011459026209078918im, -0.000833233545595992 - 0.002536966688046971im, -0.006425104273332321 - 0.004621137313076273im, 0.0004156526223349414 - 0.00102946036866745im, -0.03463175509056325 - 0.01171377799267339im, -0.002224637762209369 + 0.010529123629898475im, -0.005763019136572183 - 0.0009519377852842366im, 8.531105244078045e-5 - 0.0015149245912397613im, -0.0005129296762880499 + 0.0004004929349239847im, 0.0003392862797238469 - 0.002306407333187549im, -0.001894349573588757 - 0.001073994328941491im, 0.0028352965347973216 - 0.001606511537744175im, 0.016454907985949563 - 0.012496928903248146im, -0.001878899328975268 - 0.0002066030666301736im, -0.00016885535693893043 - 0.01795313608882179im, -0.0482587848775564 + 0.026271884526430946im, -0.003035595170677799 + 0.00648001754923563im, -0.00014785741604128534 - 0.004769821569165952im, 2.0123778981398968e-5 + 0.0011377443391634007im, 0.003221066080889832 - 0.0009861386681414225im, 0.0029468421472162794 + 0.003993355764393086im, 0.001684144881168727 - 0.0010667860352450089im, -0.0024745889541745165 - 0.0003606730906366799im, 0.0008506143306332262 + 0.0003005235609746306im, -0.0005662272683762031 - 0.0008740661695159239im, 0.005230446860342017 + 9.298403693288545e-5im, -0.0003505128096123782 + 0.001080277885300968im, 0.0002618201770788573 - 0.002632459021960036im, 0.0010725089732422158 - 0.00040892955691284515im, 0.00020928660832209426 + 0.0003871591560675557im, -0.00034946259625597416 - 5.892527527178597e-5im, -0.00044578357005589176 + 7.408927794229944e-5im, 0.0031158415384756094 - 0.0006701434445024038im, 0.0027107253651828035 + 0.0028961108912424517im, -0.0012768629213336937 + 0.0007889689018435141im, -0.00046220740571691326 - 0.0002985362006196735im, -3.3880511639761266e-5 + 0.00028358996776160186im, -0.0013202562351239682 + 0.0007377252572183082im, 0.012481796260209841 - 0.0029546062666341685im, 0.042595251739857336 + 0.02507141704922277im, 0.0010125340416706095 + 0.004137636607937407im, 0.0023151154341616463 - 0.0023849452165211767im, -0.003190526656366177 - 0.002482073031364971im, -0.0007879131614879546 - 0.001097099419480538im, 0.0002829427143945813 - 0.0014740403423655617im, -0.0061317239959401805 - 0.00016650684933584232im, 0.006707886975165507 - 0.01940752258193914im, 5.879951319620084e-5 + 0.00042156392381108017im, -0.00028244038285940386 + 7.699722673856852e-5im, -0.0004522702820736572 + 0.00026301937301513974im, 0.0007953626697897597 - 0.002715937323454024im, 0.0014685524919603606 - 0.0026563471584631383im, -0.0027806830926012287 + 0.0003546422246141714im, -0.0012078360971955937 + 0.0009983083641115582im, 0.0060912171717929465 + 0.004211744543273922im, 0.0017468245342337782 - 0.004706037746258465im, 0.0030280819466989586 - 0.0010022685644174253im, 0.0007299040922140962 + 1.7319006105123245e-6im, -0.0014325369234866577 + 0.00125886893137453im, -0.00012116365072470855 - 0.001378403261039498im, -0.0006024435039867717 - 0.005780191638418089im, 0.0012686520151951517 - 0.0006222177905664244im, -0.00040338181117508914 - 0.0001478323728675969im, -0.008356486573829976 + 0.007910520691541233im, 0.003916424770492513 - 0.0002900030148241782im, -0.0008076201857376859 + 0.0002969194850816897im, -0.004411311160587287 - 0.003718401427774209im, 5.9892900860149365e-5 + 0.0001446724001358939im, -0.00020574405028163975 - 0.00013608609582447338im, -0.00022004239159249497 + 0.0025866926581096512im, 0.0007755949129746745 - 0.003103369553799685im, 0.002259058036300983 + 0.0029015947812658263im, -0.00096920073106452 + 0.004492588297833707im, 0.0010471991571372949 + 1.1891513961602907e-5im, 0.00018342580636012976 + 3.513558293199985e-5im, -0.00023192246891675926 + 0.0012756809431858477im, 0.0015205685211186631 + 0.003968843077038719im, 0.0039575614879335435 + 0.0027420306092398646im, 0.00018388200134098064 - 0.0027497152121852284im, 0.0019539790400355406 - 0.0003154068574827207im, -0.0004923301346174289 - 9.596577519340527e-5im, -0.017277875186597777 - 0.005203638899245008im, -0.004980313485106716 - 0.007399956571773232im, -0.0007627006842466248 - 0.0012911966873698987im, 0.0008230919876717443 - 0.00013082790244787383im, -0.0009967046238050854 + 0.004716555851219199im, -0.0004183890446500638 - 0.0008665993152179265im, -0.0010443395779631379 + 0.0011914129199744594im, -0.001460526463633801 + 0.0023399277435567013im, 0.0017461102572056077 - 0.0012258615348992386im, 0.002377590475558845 - 0.0003166703584410506im, 0.00045758898002217673 + 0.0010499800368812865im, 0.000991424491866067 + 0.0036045837005894946im, 0.0018161991198987113 + 0.009132714127793512im, 0.004869656172796021 - 0.005046935940316892im, -0.0004105201631511812 - 0.00027053652744379517im, 0.001766650418941591 - 0.0010006174162642148im, 0.0010729338353991959 + 0.0015200466874780787im, 0.004235530639959374 + 0.0014018608262755076im, 0.0007442016340041396 + 0.004842255762167917im, -0.004526604318222676 - 0.0026858712698539654im, 2.4489128278731566e-5 + 0.00043310890491660603im, -0.009396457353308942 + 0.008529611734295858im, 0.004447016623499122 - 0.0011710004841614862im, -0.0008776360341249652 - 0.001973592379693965im, -3.903945088966458e-5 - 0.0007545606745327685im, -0.0024661010148799285 + 0.0025134550485087113im, 0.0020105455485577165 + 0.001292131040578773im, -0.0005582413929734178 + 0.0013294638469110282im, 0.00043039682862958296 - 0.00048502664054560533im, -0.0012616362480036168 - 0.00228035906687368im, 0.0018097767561490972 - 0.0024088910275143973im, 0.00020405734717230891 - 0.00023634007950060608im, 0.00041054364072860264 + 9.820447751256124e-5im, 0.0012482668986890538 + 0.0011857293254266066im, 0.0009773810759947704 + 0.0007090225944874865im, -0.007716055441988285 + 0.004920625704809473im, -0.0018406336934806116 - 0.0007671754215378392im, 0.00013314810468387963 - 0.00040561904764277364im, -0.00042629541120083736 - 0.00014695237897264583im, 0.0007378393892080838 - 0.0010600085051639336im, -0.0005792398209695129 + 0.00018024330597421075im, 0.0012045861270355656 - 0.0008288341475748553im, 0.0012875128242838246 - 0.0004593404152106375im, -0.0014295506705415055 + 0.000574279562549443im, -0.0016863314056693559 + 0.0021645249796283916im, 0.0004837245745284393 - 6.922973311746956e-5im, -0.0007114860048505818 + 0.0006605432126454234im, -9.446448782718087e-5 + 0.0008021656123332869im, -0.0012627272267237532 + 0.002085159513851795im, 0.0007362877833414368 + 0.0024480315583526933im, 0.0033548578711324554 - 0.009680350505355331im, 0.005137527964116001 + 0.00017146276178496857im, 0.0030489517054118156 + 0.013889277175810653im, 0.0026873992045847823 - 0.0028332581046950373im, 0.00058739686187923 + 0.000661116758060137im, -0.022605599842312262 + 0.009551174411053737im, -0.028765655716313163 - 0.14224234727065607im, 0.05401811118879348 - 0.04169703503855469im, 0.0008829831676170682 + 0.0006673862361018303im, 2.418260545048818e-5 - 3.94168196503753e-5im, 0.0003174345846028365 - 0.001350247895736541im, 0.008820131932745398 - 0.009606199360523716im, 0.03915325144358449 + 0.01194206688656636im, -0.011353432605216738 + 0.03315157291475381im, 0.0056469420449886416 - 0.002375190820748817im, -0.0009357256865884018 + 0.00019470961640425034im, -0.0003635211784364125 - 0.00010168695662203055im, 0.0008052196380724932 - 0.0028625462062917433im, -0.0013024274291337187 + 0.00019189072166118617im, 0.0020073895678931453 + 0.0014960084698332691im, -0.0020147022481481138 + 0.0002841109183817727im, -0.003868207001458533 - 0.0010961251841810173im, -0.008572157363319696 - 0.013969072468916724im, 0.0044042066736228805 - 0.0030280640642902845im, 7.942282539402961e-5 - 4.598589133333588e-5im, 0.0008666788112087317 + 0.0006349012279366098im, -0.004627337104522222 - 0.008274515275581297im, 0.0013307100863277574 - 0.0024763323962267414im, -0.0010900399916448417 + 0.0006169131846801353im, 0.0005017960609392452 - 0.003198791726865431im, 0.002693267421229349 + 0.0003224709410977925im, 0.00027222870467091354 - 0.00022195019438888617im, 0.0006340541464304528 + 0.0011490454713918227im, -0.00040895016788183625 - 0.0019899678527247953im, -0.002489905845772257 + 0.0002933426152634432im, -0.0005894559567898863 - 0.00039955440927271814im, -0.00017428937602626945 + 0.0007502959695513215im, 0.0030032729636794804 + 0.0012235874774048118im, -0.00017177707140311868 - 0.00043715518044029215im, 0.0001571594250936838 - 0.0012112050651713958im, -0.00046222520424938637 + 0.0006600686429247715im, 0.001915725045002385 - 0.0016793890557433046im, -0.006751418687150702 - 0.004577203170655726im, -6.121307214471666e-5 + 0.001730842061325296im, 0.007207216300664187 + 0.0025797232613708736im, 0.0006643319268168532 - 0.0002013567665539223im, 0.0015519196007263698 + 0.0012060761326789448im, 0.00010173450260778293 - 0.0005140572908132948im, -0.019212361228070577 - 0.015240613556379626im, 0.0014896403411888183 - 0.05111010192444183im, -0.0008264914245074759 + 0.001655435166347131im, -0.0029350766972347174 - 0.002485911912342889im, -3.147311693287331e-6 - 0.00022294130819138842im, 0.0004979833354229602 + 0.0029227512170541376im, -0.004676428997926818 + 0.0033880054444582882im, 0.00814820664408129 + 0.021575230084174918im, 0.0038379893580720074 - 0.0046722957260382095im, 0.007063319237663017 + 0.006006358618091799im, 0.00016823169296999779 - 0.00024405990237746607im, -2.6968798471578135e-7 + 0.00019413075393536326im, 0.0032889315517966094 - 0.004677793801573676im, -0.04047856299018208 - 0.007500469728765335im, -0.002007441687842313 + 0.005112141953116361im, 0.017600307336522632 - 0.010115119115213565im, 0.010034875884380751 + 0.014940455420302064im, 0.0012294282584776235 - 0.00027445302218815563im, -0.0008693955281061639 + 0.0003457373863544728im, 0.005589255427206308 - 0.0029783487124614354im, 0.011911169357141859 + 0.006306607149661598im, 8.469818763547619e-5 - 0.0004858515328473318im, -0.0005836020464216603 - 0.00022497210141559433im, -0.00037587940581805556 + 0.0015205216421057474im, -0.00024002828174053757 - 2.3314893694283213e-5im, -0.0006251379247566385 - 0.0007901675113997956im, -0.0005817045864402459 + 0.006513153691472861im, -0.00021691159155031245 - 0.0031314698192391015im, 0.0017743293427283128 - 0.00364609698959024im, 5.004779239348412e-5 - 0.0002594351370546212im, -0.0005546780779169408 + 0.0007733248723996337im, -0.000352682355946838 - 2.9981017348224826e-5im, -0.00015613523996042098 - 0.0006829249623680655im, 0.00031403826910183575 + 0.010803822567840704im, 0.00030151109527312 - 0.00021397801689121478im, 0.0011129840448292057 - 0.002285497564931147im, -5.014882036899899e-5 - 0.00042375651946456046im, 0.0009730066080716441 + 0.001387704951673186im, -0.0002725905412205503 - 1.7009968366426816e-5im, 9.009415315503636e-5 - 8.541706356807364e-5im, -0.0011861689810728473 + 0.009630310893915526im, -0.0009607838249929562 - 0.00186768486411161im, -0.0025786533275415284 - 0.00013158287071512862im, 0.0001489507242091048 - 0.00020214489836546456im, -0.0006236787147227155 + 0.00046398561805775226im, -0.0018320820142263263 - 0.0016136191610773786im, -0.00031903089281095937 - 0.0016900821877596675im, -0.00017630842959901296 + 0.00043339527043181154im, 0.0010075974824288129 - 0.00015912309347073533im, -0.0009792576600996007 - 0.0038152707402943978im, -0.0004290052663598076 - 0.0036571549235233617im, 0.0020143226997551425 + 0.0013262666737546489im, -0.00041919401895619096 - 0.0016286040844260567im, 0.00031295829019315093 + 0.0010024317382614303im, -0.0003177707775179257 - 0.0009332203890039663im, -0.010829730274474822 - 0.0005192125872545907im, 0.001463787438337328 - 0.009452932461323142im, -0.015604181166390424 + 0.005504240943719911im, 0.001770080296566424 + 0.0007411965848916645im, -0.0012098844330880416 - 0.0011275861656577094im, -0.0009990549469622528 + 0.0019355430956204231im, 0.005681354181870591 - 0.004526950016298893im, -0.0170265241387249 - 0.00861994350895158im, 0.012132028750364333 - 0.007602984989614859im, 0.0008966168516972304 - 0.005046874657103012im, -0.00044072076635808243 - 0.0003148517973599987im, 0.0064340297662575955 - 0.003010506040085855im, -0.0019896573683355176 + 0.005814283777323678im, 0.00120019922415243 - 0.0015601682656218817im, -0.013144415741574452 - 0.022961229347341693im, 0.0016320037962264209 + 0.002310030767993529im, 0.0012785126035234477 + 0.00015991375963999048im, 0.00037525249661453657 - 0.0006849200673144692im, 0.0034968449762103585 - 0.003629917343893428im, -0.0013060612299411356 + 0.0006442069383265468im, -0.0022293063407667715 - 0.0022425169906708582im, -0.0011894444506329715 + 0.0004627579936279957im, -0.0007043124599015064 + 0.0023910480830735357im, 0.0015719203770643115 - 0.0009148304437769188im, 0.0040692230952251215 - 0.0018201624476836286im, 0.005904659515352756 - 0.000491861414156129im, -0.00033963482374128597 + 0.0003540185037350675im, -0.0003092372683207131 + 0.0005045202662778335im, -0.00032573211066094657 + 0.0003305634695005461im, -0.002147495526591394 - 0.001593451443161173im, 0.003886673852562449 - 0.005713492460391422im, 0.003983843779836101 - 0.008529602835126276im, 5.9126892209795366e-5 - 0.00022211276682599214im, 0.0008976251002705834 + 7.20402403073853e-5im, -5.9398729976481256e-5 + 0.0003477600049476119im, -0.0037455798535402478 + 0.0014993776440964115im, -0.001007201801548719 - 0.00033082861435480604im, 0.004690326695909989 - 0.01969955626475591im, -0.00019228431055974278 - 0.0019185433202269459im, 0.0005884949558858245 + 0.000365545186894333im, -0.00022880883742472299 + 0.00016653884423987222im, 8.184243248832333e-5 - 0.0003451217418834521im, -0.000876404941061003 + 0.0016762901439198767im, -0.0036118422651809775 - 0.010949389005206846im, 0.005504200873905592 + 0.0017886993662011557im, -0.00037677332672162486 + 0.000377832158005233im, -0.0005592897863586338 - 0.0006948381556565126im, 0.0006529190739268811 + 0.0004763802775004981im, 0.0009869980614959333 + 3.6035730114282594e-7im, 0.001462995867736955 + 0.0015486813992653023im, 0.006534524480663364 - 0.00992504547791515im, 0.003837231393818065 + 0.002027783114328389im, -0.0008230178563922173 + 0.003067119830333526im, 0.0012337557839668756 - 0.0015116653373395837im, 0.00013549521394415839 - 9.506707756923702e-5im, 0.0008057024457228213 - 0.005341696122446308im, 0.004552855224052978 + 0.005471014355375436im, 0.025067987267644323 - 0.009186077798131085im, -0.011304559499133865 - 0.008394068083705927im, -0.0005553202513223663 - 0.000209827902225289im, -0.0011524321373578585 - 0.0032088792977779325im, -0.0006415961286833739 + 0.0004068692539299704im, 0.006870111802942254 + 0.002313889265579729im, 0.0044852634123342915 + 0.015078815265699914im, 0.0005607585857479058 + 0.0016369448702086022im, 0.00045523352262754046 - 0.0014080818308981097im, -0.0004067846322831543 - 0.00012621332025768947im, 0.019262273401499237 - 0.00806885299524192im, -0.0014416630960033172 - 0.002606629213464556im, -0.0046334357592418525 - 0.009183092771830192im, -0.004195090825878078 + 0.001180730068580714im, -4.795169764341167e-5 + 7.309167321242371e-5im, 0.0009447036767633333 + 0.003215276059214497im, -0.0018491524726440872 + 0.0003440962925527485im, -0.03893214174910729 - 0.019215398866197674im, -0.0009220304745000298 - 0.002784859954219086im, 0.0033285426329941565 - 0.00748052876633602im, -0.0007700741507579903 + 0.004091568334139758im, 0.00134462205862743 - 0.0010211402622853083im, -0.005580588153553921 + 0.0040604574346420255im, -0.0008488826263722921 - 0.0008624700946576168im, -0.0007415097276959422 - 0.0012837399324084904im, -0.0003825710530351499 + 0.0005404733733136028im, 0.00022325075068153286 - 0.0003176172389981135im, -0.0001929997877716674 + 0.0011983240411664842im, 0.00044702944976613 - 0.004113628303053706im, 0.0011239447458050325 + 4.6627944876469194e-5im, 0.00018637265682497583 + 0.00045365281230350097im, 0.0021325397603756523 + 0.00028214595922799936im, 2.9766426958495197e-5 - 0.0007039578491188296im, -0.0007364801963975772 + 0.002592583582480777im, -0.00017871911144352377 + 0.006640001562973081im, -0.00040327752323884413 - 0.006112431931091838im, -0.0007508037775052225 + 6.048863207950813e-5im, 0.003065354618964282 + 0.0036377515127072606im, -0.004886767365931769 + 0.00687399167386275im, 0.0009058284751301797 - 0.005340751724874107im, 0.0032923390004212347 + 0.012390696244553127im, -0.003052279202710754 - 0.0045884791702380376im, 0.0018823689679817147 + 0.004841292628133122im, -0.0036465475176177594 - 0.0007637988317734913im, -0.001103467305038147 - 0.01758891693841798im, 0.00037946256197852736 - 0.0004633682939615796im, -0.001994474228947769 - 0.013515551702652655im, 0.004125119348077277 - 0.0122785683778291im, 7.396208742093144e-6 + 0.00037389035225325926im, -0.0002783994644258166 - 0.0004182026721097425im, -0.0008089974276275881 - 0.002939029955232011im, 0.0010767821555432765 - 0.0022912957360571515im, 0.002624159170629496 - 5.380931865572087e-5im, -0.0017284888140111753 - 0.0027335025723441014im, -0.002154093643345572 - 0.001501530805707993im, 0.004614912967606948 + 0.00544542484810001im, 0.019650160101537275 - 0.00887819449990135im, 0.005149639781764152 + 0.008514656735876992im, -0.0014638244021992113 + 0.00038817356267954094im, 0.007702889877157912 + 0.004623550460308562im, -0.0002877987554038141 - 0.004485011935555282im, -0.0013189824862965397 - 0.003815965493961472im, -0.009597755942274187 + 0.004634017163416286im, 0.0011299295602664303 - 0.0042200629625570195im, 0.006159634051930732 - 0.0077730481543721525im, -0.0015487935905532217 - 0.001227577196728176im, 0.011215883788185565 + 0.00750038498940235im, 0.00247524751631371 - 0.0014654180019525234im, 0.0025262978814227966 + 0.010204959201428079im, -0.001170706401602179 + 0.0019180181586978947im, -0.00022209097007693158 - 0.00166791168450448im, -0.0037434417406791327 + 0.0006764688348237782im, -0.0035793178816340095 + 0.0004354569175474012im, -0.00031912866377744226 - 0.0008135062685912735im, 0.0008498800737103882 - 0.0005403803932125611im, -0.0007821307703383995 + 0.00030022668497160023im, -0.001684488171275441 - 2.2657072234678024e-5im, 0.001676807101266359 - 0.0006985558814329392im, -0.001537039719322892 + 0.0013587144465706934im, 0.0007379443033759226 - 0.001593674530231193im, 4.6628213465175395e-5 - 0.00013173626102162378im, 6.899817177798172e-5 + 0.0008022817717442523im, -0.0023888881455670545 - 0.0005258171314012251im, 0.015221555929911468 + 0.013163299598998271im, 0.01066575691580722 - 0.004686792912536934im, -0.0017558201294662677 + 1.7787139826498977e-11im, 0.0015721144102743255 + 0.0015167513761713066im, -5.4293042516373096e-5 + 0.0005103471379211348im, 0.0018134021468170227 - 0.002149901099280145im, -0.0034817708354481945 - 0.002298232214545286im, 0.0035333382554846543 + 0.03526077577401362im, 0.01296183930781752 + 0.011846704608705674im, -0.0013393534141021633 - 0.00145327768186431im, 0.0006358422271036491 - 0.002531958190697126im, -4.441633617834819e-6 + 0.0008883138927576555im, -0.0011465202492577438 + 0.005962832295547731im, 0.0008835960061511832 + 3.776886948513604e-5im, -0.0007041019973094879 - 0.04047879997480528im, -2.564656599024439e-5 + 0.004331214361365866im, -0.003608074191053568 - 0.00414549867802498im, -4.31319161070517e-6 + 0.0004396556546016933im, 0.0001164420034816611 - 0.0002594844858422083im, 3.9648704396271005e-5 + 0.000662244560938098im, -5.614178342173623e-5 - 0.0005071124919910358im, -0.01941350150805532 + 0.02287836183915255im, 0.0027325714573645057 - 0.006404386908692623im, 0.0003058499510282892 + 0.0004114033182757538im, -0.0028975525114462745 - 0.0026467392851544057im, -0.00408632493323168 - 0.003760488877153529im, 0.00014718649702623652 + 8.580267988399374e-5im, 0.0012182250192695496 + 0.0010357445551037322im, -0.0016993352959668935 + 0.0005386238969607557im, -0.0014798247795520362 + 0.0015837345850687262im, 0.00020066099384696953 + 0.0002662860198490771im, 0.009277333784418432 - 0.0016876605558219634im, 0.0017825389257385199 + 0.005710071831471323im, -9.57244902035632e-5 - 0.0003640572710096477im, -0.0034691454127786644 + 0.0004316405178372641im, 0.0010828263353348864 + 0.0008202383575591816im, 1.660587562536076e-5 - 2.5800148159376325e-5im, 0.002916130874206111 + 0.00017743571175801124im, 0.001073484762247294 + 0.001128155343994252im, -0.0027303203002115076 + 0.0021151559435487635im, 0.011143494908504848 + 0.0007783278272925323im, -0.00024308688629853166 + 0.0012573056767185887im, 0.00039795767271657683 + 0.0003216853516762505im, 0.0019675305523318243 - 0.0014963615673408547im, 0.008780135659341028 - 0.002692539227307413im, -0.0006324665877795457 - 2.8419726195578318e-5im, -0.0014086824321710232 - 0.0017051411177090563im, -0.007841741931007206 - 0.0012359986127168628im, -0.00024050489615832073 + 0.00019160622433142267im, -0.000522325227852001 - 0.0009755917529092378im, 0.003845450991373393 - 0.00257372137634031im, 0.0035732942444117494 + 0.007851590689999466im, 0.0004866259312887471 + 9.986780112931343e-5im, 0.0027329065505188764 - 0.0006432054658187656im, -0.0010925118420368198 + 0.003299181858320847im, 5.526239752446236e-5 - 2.0236750130117995e-5im, -0.0004794720596804632 + 0.011487685265231615im, 0.0015349876689507145 + 0.0008630635727294412im, -0.0011029598684398707 - 0.003354225631662475im, 0.0008696038358575917 + 0.00123498868219484im, -0.0005948694255217728 + 0.0009154645253823291im, 0.017748350022045393 + 0.00600307933706971im, -0.0007628049365024089 - 0.0007470022183520185im, -0.00569924304453345 + 0.007528898557536177im, 0.002393939374894745 + 0.000703908155269248im, -0.000284664423663023 + 0.005160537778749614im, 0.0008046825968760331 + 0.006238176549950102im, 0.0014486542620005313 - 0.001341221047493439im, -0.002228715055191974 - 0.0015308824533298107im, -0.0004234402121863376 + 0.0006952922000666327im, -0.000927748835906817 + 1.953215453694031e-5im, -0.0020158804308844044 + 0.007309043522077539im, 0.0019185290494738412 + 9.19561335219647e-5im, 0.0026050184153607577 - 0.00018089987452622457im, 0.000361930809238527 + 0.0001972126756781928im, 0.0009786881757153079 + 0.0010770045548073373im, 0.00010901517638822895 - 2.4263416955167507e-5im, -0.002857393632289684 + 0.0017585273247416363im, 0.0024214452777324533 + 0.004240861227744287im, -0.0002969682327771028 + 0.0007932816169890974im, 0.0016756776172633097 + 0.001957795392885928im, 1.9170264155846158e-5 + 0.00015620326490827795im, -0.0015461859805496107 - 0.0011268451876866655im, -0.0005118245159058798 - 0.00019594107943272937im, -0.00018552581549009857 + 0.000929645276702322im, 0.0012526467060282058 - 0.004173978440442764im, -0.0017445522904730411 - 0.000491523067853144im, -5.681469766615197e-5 + 0.000211625762279398im, 0.0006147489431963995 - 0.0006920180635040742im, -0.0016870021449737168 - 0.002858388683760954im, -0.0019170334124441126 + 0.002398721161071555im, 0.00015832736530848996 + 0.0031170112130951676im, 0.00351380269982155 - 0.0034128392570614515im, 0.008031065079515029 + 0.004442770829177515im, 0.0003064287000391476 - 0.0001840644941120229im, -0.004214152335338957 + 0.0027845314298631735im, 0.00025933013693586174 - 0.0005748732821791625im, -0.0051919236680903185 - 0.0029833080284749542im, 0.0005060266044922698 + 0.010428256276397938im, 0.03827127434625751 - 0.004655012728703712im, -0.0076844393157830945 - 0.019147614612358723im, -0.00010225407286608368 + 0.0005077009391571782im, -0.001156125618072431 - 0.0011373816052398192im, 0.0007751855200813883 + 0.0009995925513928694im, 0.01182915950661833 + 0.015365032726825396im, -0.028673608520054492 + 0.044973795401616896im, 0.042877790867358344 + 0.011615901048237998im, 0.0018760414550017888 - 0.007807854485882811im, -4.889253060078736e-5 - 0.00034386835225740147im, -0.00014018167219568176 - 0.0002882069344420408im, 0.0019411710497612687 + 0.0012936073094848355im, 0.00010334320150016375 - 0.0054327204347195315im, 0.03106536623328022 - 0.009411280680726842im, -0.010283142623336404 - 0.017998640613860653im, 0.0010966798525851678 - 0.00020652808758583972im, -0.002241350901850864 + 0.00019120416489642352im, 0.0009217360693705346 - 0.0005069969829975503im, 0.0003494406840656313 + 0.008932530491299356im, -0.0005001186571954599 + 0.0007283406269747004im, 0.018181284432571908 + 0.002100224833051089im, 0.0008339236990229051 - 0.003517931419727301im, 0.016835457473410302 - 0.03476311448136757im, -0.009737022615856546 + 0.004470655759686043im, -0.0010383567085417366 - 0.00402109566755021im, 0.00044405601513510597 - 3.32688787399613e-5im, -0.0035624251038182775 + 0.008290155669025379im, 0.0023369570003231453 - 0.001285435549862472im, -0.006565695689256932 + 0.003904113930868438im, -0.005265430969476046 + 0.00418770323309596im, 0.00016045024538406249 + 0.004467025216428054im, 0.0013063944789137353 - 0.0028300312203766334im, 4.232615957529534e-5 + 0.000541967757086523im, -0.0006525234447419575 + 0.00014537665717586002im, 0.0041298830189602535 + 7.983240632148357e-5im, -0.0003295669823026571 - 9.299568251575293e-5im, 0.0006393364403747338 - 0.0007391391522163268im, -0.0006438311209235954 - 0.0005302206902906813im, 0.00019150701752574197 + 0.0001451938652997266im, 0.0007074778737084039 + 0.00015212799765393657im, -0.0005328268798811839 + 0.004550694080182231im, -0.0008816702540410573 - 0.003034809362732214im, 0.00066160168362948 - 0.004449474785046516im, -0.0023907768484163093 + 0.0017962453372494152im, 0.0017866479173573706 - 0.004233669265419682im, -0.0014821773635716434 + 0.002925675031962888im, 0.0006315396148081115 - 0.0007738393522121804im, 0.0005558591892366058 + 0.00011170012750265514im, -0.0015891075932771665 + 0.0015808361961083934im, 0.009977150189248458 - 0.0027959098599320505im, 0.01817909950163239 + 0.004299747727684218im, 0.0014049485574068148 - 0.003664969315306139im, -0.0011285778830782318 + 0.0001466033169049922im, -0.00021291045951662554 + 0.0011639237322287675im, -0.0017080851126976173 - 3.5666976477179525e-5im, 0.00029411244473785876 - 0.00041082489523227265im, -0.03920793759530063 + 0.005803454639270718im, -0.01085567580116697 - 0.014750267481916187im, 0.0035430373699074998 - 0.005052027393241889im, -0.0008045299274039053 - 0.00039130659873472435im, 0.0007851579498269791 - 0.0002855533900020076im, 0.004154243914079019 + 0.010380274459958249im, -0.07353131790634086 + 0.21427939600644103im, -0.0035435443391953515 - 0.0022099819113178577im, 0.0013449438089666143 + 0.014476568081032454im, 0.00027317813508649554 - 0.001064968781504517im, -0.00235339360277804 + 0.0005060328590055831im, 0.006322753489605325 - 0.0043487511890760045im, 0.0014326277572750264 + 0.010881487104346539im, -0.008981492165132911 + 0.0058707547702805405im, -0.0026639133982901443 - 0.0013800727346758538im, -0.0035170328092705232 + 0.0014901560873301592im, 0.00013184293007383375 - 0.0005806870735800758im, 0.005457920990429595 - 0.003867311101635949im, -0.0026692592535603483 - 0.0018273520033598503im, 0.003977156539920413 - 0.008771782575976985im, 0.013366182686767336 + 0.005421887938797371im, -0.0001128398598584863 - 2.2726695434363886e-5im, 5.9922337463460496e-5 + 0.0001769713193742892im, -0.0015356196805552042 + 0.0001461327727310639im, -0.0009660805779099361 - 0.0011455327813574639im, -0.00133503323272923 + 0.000752405608931505im, -0.00041096420755350383 + 0.003217512273695757im, -0.00022866477071561 + 6.382252901832582e-5im, -0.0015344261491796385 - 0.003719574365670971im, 0.0002809762894201724 + 0.00034090424510612816im, -0.0002860559449524294 - 0.0002578638481648664im, -0.0003303939053728815 - 0.00014281742596190843im, -0.004358141161511161 + 0.0018043449691233302im, 7.683918089996915e-5 + 0.00035122389279388137im, 0.0002766800288857682 - 3.350828089296324e-5im, 0.0004704685385401737 + 0.0001494309401597608im, -0.00029563341620377897 - 4.3506024875097086e-5im, -0.0012805914141168565 + 0.0015437272827449062im, 0.0007009976928007514 + 0.001118937954565639im, 0.0030356379205969887 + 0.00028408211161314983im, 0.006521419756012808 + 0.004209072621827934im, -0.0010261887836174814 + 0.0003055429131446365im, -0.0035193790763323493 + 7.682178264437464e-5im, 0.0013157016955755347 - 0.0006829299468677903im, -0.001011331397295967 - 0.00012860981373646294im, -0.0001712626038558981 + 0.0001731258898290906im, 0.0008100679926513029 - 0.0013782829750044133im, 0.0011454914424429395 + 0.00022460123624424186im, 0.0002973499086428776 + 0.0035064283149904858im, 0.0030273905077372256 + 0.0011648269622604763im, 0.000498985146988214 - 0.0005381216759566682im, -2.6596175863286045e-5 + 0.00023920910810550487im, 0.0003102960250317704 - 0.0004731162111104069im, 0.0005316355098397325 - 0.00011302792509389222im, 0.0032594224405935097 + 0.00858343519911029im, -0.011921847790328281 + 0.010472908208739043im, 0.03279540639222923 + 0.056341826178063374im, 0.0018942222204655352 - 0.005028872975319773im, 0.00031767176374352117 - 0.0012994509747978583im, 0.006369592187512179 + 0.00352320747750407im, -0.0038229600184869 - 0.0018369976122249725im, 0.0015529241024160227 - 0.02413018258592216im, -0.21779249087510183 + 0.05774734485058071im, -0.0013760964923262692 - 4.015033651139076e-5im, -0.001173649601378933 + 0.00019734096361086575im, 0.00025779042006327495 - 0.0005506015719649857im, -0.0017903627680344307 - 0.0003122065932320747im, -3.959762957535728e-5 - 0.0016813797811269322im, 0.0023010938960252333 - 0.00038232387114505047im, 0.005187618590394583 + 0.0009783446123981063im, 5.554532929556005e-6 - 0.00012919029644261902im, -0.0019664290093887996 + 0.0006080123614737111im, 0.0021633634787680297 - 0.0014672244246597354im, 0.0009104879970268414 - 0.0020988939356984602im, -0.0010044442050301712 + 0.0004378633009482494im, 0.0010763053137180648 - 0.00035056195093092666im, 0.0005905582099725412 + 0.001281565137077935im, 0.0002769259383676927 + 0.0009535391045848011im, 0.007221705166219343 - 0.006521085570916542im, 0.0036703601995449957 - 0.0057297562791313325im, 0.0002795950064408544 - 0.00027918362649669823im, -0.00042991127577945705 + 1.2233938371914892e-5im, 0.00028856978673470605 + 0.00020772534279755577im, 0.004400252666036778 + 0.00039162133557800954im, -0.003053539719954307 - 0.0011850021719011403im, 0.0011846037852206242 - 0.00954323555237073im, 0.0002910506641529844 - 1.167223126635069e-5im, -8.555906961845195e-5 - 6.50856096074996e-5im, -0.0010315590865369016 - 8.239970629752456e-5im, -0.0012809690796725553 + 0.002022906134351486im, 0.0009692667471368674 - 0.0011743606364267606im, 0.007838401006538633 + 0.004836575212619426im, -0.0008446964204140213 - 0.0018762818021205974im, -0.0007097885738538701 - 0.002721903534216654im, 0.0014739560920490973 + 0.0004262776618633516im, 0.00013896059009781508 + 6.929893481809461e-5im, 1.8938125792336458e-5 + 0.0003826762442886766im, -0.0008671712819376922 + 0.0023925046780833258im, -0.009292669358461271 - 0.009639609470232981im, 0.0011435284844369565 + 0.0035560776330908358im, 0.00022385944168925757 + 0.0007206027265419935im, 0.001093075863533136 + 0.0009221404853114037im, -0.0019829835236621967 + 0.002918339601833117im, 0.0031025722780003173 + 0.0022017305997024607im, -0.017836546184447744 + 0.006850983819339414im, -0.003672265044655219 - 0.015563321137541072im, 0.01547498382697179 - 0.010607009915835014im, 0.00035437403069339636 + 0.004306915583726235im, -0.001177492093358833 - 0.0016786636742568495im, -0.00041444204954531756 - 0.0024976099244684987im, -0.013129338343732136 + 0.006048770645113121im, 0.21829589833968976 + 0.05992104585197037im, -0.003262184985527986 - 0.010023643011744078im, -0.0010205394349465187 + 0.0003140959208139931im, 0.0006769669349934543 + 0.00040122608327040785im, -1.780268225419284e-5 - 0.0019605246938269715im, 0.0009564826769760101 - 0.0011467057186887613im, 0.004724498946930552 - 0.006849113074296233im, 0.053073515450859886 - 0.022748592159194093im, -0.0005782139163742706 - 8.580381894400882e-5im, 0.0010324217772768268 + 0.0001248495075882461im, -0.0020147935505880968 - 0.004715782050450089im, 0.025523321846231288 - 0.03252460650104105im, -0.0248786035165735 - 0.005637807360058253im, 0.00234446315756144 + 0.0051488868648664im, 0.001226220876747808 - 0.0005743116809201028im, 0.0005424513120035553 + 0.0005744612902027402im, -0.000957111875075835 + 0.00011850710822236759im, -0.0012656576549217714 + 4.083462183021166e-5im, -0.008916605557280775 + 0.004620711828609062im, -0.00022901285842903837 + 9.295007001321737e-5im, -2.622471777159395e-5 - 0.0018478126800291605im, 0.0004908858151172652 - 0.0013322506556862142im, 0.02252084448671419 + 0.01416217011323625im, -0.0004260720111811153 - 0.0005936683069121929im, 0.0005597879938541537 - 0.00024629519865174897im, 0.0017015848127146275 + 0.0005285998409602151im, -4.829846284968942e-5 - 0.00024314960941370034im, 9.278202419911387e-5 + 0.001555282590972135im, -0.005701946145211673 + 0.005198884765530553im, 0.00027876439296361274 + 1.1961768361980008e-5im, -0.0005041737317958302 - 0.0005989483149846051im, -0.0032052832448371967 - 0.00027700708847315834im, 0.0004922271184289228 + 0.0052718452232403176im, 0.0020793862164807057 + 0.005652523930462183im, -0.0028533372780252643 + 0.021593627881604713im, 0.0033414097226753324 - 0.003173398916761989im, 0.006980602363918272 + 0.015189419779532034im, 0.0007102023496483402 + 0.0014358734328293401im, 0.00636753766526251 + 0.0027935848626217297im, 0.0035484904284129263 + 0.004310911710417341im, 0.01443514425269851 - 0.010813060731985055im, 0.0029712290461336253 - 0.005884988296045807im, -0.00903792236098037 + 0.0008775879240653137im, 0.0014420841852637936 - 0.0014918538119959254im, -0.015829054431167076 + 0.002053257808314077im, 0.0025195355413565666 - 0.0011459026209078918im, -0.000833233545595992 - 0.002536966688046971im, -0.006425104273332321 - 0.004621137313076273im, 0.0004156526223349414 - 0.00102946036866745im, 0.002304089110244615 + 0.0013906444779214315im, -0.002224637762209369 + 0.010529123629898475im, -0.005763019136572183 - 0.0009519377852842366im, 8.531105244078045e-5 - 0.0015149245912397613im, -0.0005129296762880499 + 0.0004004929349239847im, 0.0003392862797238469 - 0.002306407333187549im, -0.001894349573588757 - 0.001073994328941491im, -0.03463175509056325 - 0.01171377799267339im, 0.016454907985949563 - 0.012496928903248146im, -0.001878899328975268 - 0.0002066030666301736im, -0.00016885535693893043 - 0.01795313608882179im, -0.0482587848775564 + 0.026271884526430946im, -0.003035595170677799 + 0.00648001754923563im, -0.00014785741604128534 - 0.004769821569165952im, 0.0028352965347973216 - 0.001606511537744175im, 0.003221066080889832 - 0.0009861386681414225im, 0.0029468421472162794 + 0.003993355764393086im, 0.001684144881168727 - 0.0010667860352450089im, -0.0024745889541745165 - 0.0003606730906366799im, 0.0008506143306332262 + 0.0003005235609746306im, -0.0005662272683762031 - 0.0008740661695159239im, 2.0123778981398968e-5 + 0.0011377443391634007im, -0.0003505128096123782 + 0.001080277885300968im, 0.0002618201770788573 - 0.002632459021960036im, 0.0010725089732422158 - 0.00040892955691284515im, 0.00020928660832209426 + 0.0003871591560675557im, -0.00034946259625597416 - 5.892527527178597e-5im, -0.00044578357005589176 + 7.408927794229944e-5im, 0.005230446860342017 + 9.298403693288545e-5im, 0.0027107253651828035 + 0.0028961108912424517im, -0.0012768629213336937 + 0.0007889689018435141im, -0.00046220740571691326 - 0.0002985362006196735im, -3.3880511639761266e-5 + 0.00028358996776160186im, -0.0013202562351239682 + 0.0007377252572183082im, 0.012481796260209841 - 0.0029546062666341685im, 0.0031158415384756094 - 0.0006701434445024038im, 0.0010125340416706095 + 0.004137636607937407im, 0.0023151154341616463 - 0.0023849452165211767im, -0.003190526656366177 - 0.002482073031364971im, -0.0007879131614879546 - 0.001097099419480538im, 0.0002829427143945813 - 0.0014740403423655617im, -0.0061317239959401805 - 0.00016650684933584232im, 0.042595251739857336 + 0.02507141704922277im, 5.879951319620084e-5 + 0.00042156392381108017im, -0.00028244038285940386 + 7.699722673856852e-5im, -0.0004522702820736572 + 0.00026301937301513974im, 0.0007953626697897597 - 0.002715937323454024im, 0.0014685524919603606 - 0.0026563471584631383im, -0.0027806830926012287 + 0.0003546422246141714im, 0.006707886975165507 - 0.01940752258193914im, 0.0060912171717929465 + 0.004211744543273922im, 0.0017468245342337782 - 0.004706037746258465im, 0.0030280819466989586 - 0.0010022685644174253im, 0.0007299040922140962 + 1.7319006105123245e-6im, -0.0014325369234866577 + 0.00125886893137453im, -0.00012116365072470855 - 0.001378403261039498im, -0.0012078360971955937 + 0.0009983083641115582im, 0.0012686520151951517 - 0.0006222177905664244im, -0.00040338181117508914 - 0.0001478323728675969im, -0.008356486573829976 + 0.007910520691541233im, 0.003916424770492513 - 0.0002900030148241782im, -0.0008076201857376859 + 0.0002969194850816897im, -0.004411311160587287 - 0.003718401427774209im, -0.0006024435039867717 - 0.005780191638418089im, -0.00020574405028163975 - 0.00013608609582447338im, -0.00022004239159249497 + 0.0025866926581096512im, 0.0007755949129746745 - 0.003103369553799685im, 0.002259058036300983 + 0.0029015947812658263im, -0.00096920073106452 + 0.004492588297833707im, 0.0010471991571372949 + 1.1891513961602907e-5im, 5.9892900860149365e-5 + 0.0001446724001358939im, -0.00023192246891675926 + 0.0012756809431858477im, 0.0015205685211186631 + 0.003968843077038719im, 0.0039575614879335435 + 0.0027420306092398646im, 0.00018388200134098064 - 0.0027497152121852284im, 0.0019539790400355406 - 0.0003154068574827207im, -0.0004923301346174289 - 9.596577519340527e-5im, 0.00018342580636012976 + 3.513558293199985e-5im, -0.004980313485106716 - 0.007399956571773232im, -0.0007627006842466248 - 0.0012911966873698987im, 0.0008230919876717443 - 0.00013082790244787383im, -0.0009967046238050854 + 0.004716555851219199im, -0.0004183890446500638 - 0.0008665993152179265im, -0.0010443395779631379 + 0.0011914129199744594im, -0.017277875186597777 - 0.005203638899245008im, 0.0017461102572056077 - 0.0012258615348992386im, 0.002377590475558845 - 0.0003166703584410506im, 0.00045758898002217673 + 0.0010499800368812865im, 0.000991424491866067 + 0.0036045837005894946im, 0.0018161991198987113 + 0.009132714127793512im, 0.004869656172796021 - 0.005046935940316892im, -0.001460526463633801 + 0.0023399277435567013im, 0.001766650418941591 - 0.0010006174162642148im, 0.0010729338353991959 + 0.0015200466874780787im, 0.004235530639959374 + 0.0014018608262755076im, 0.0007442016340041396 + 0.004842255762167917im, -0.004526604318222676 - 0.0026858712698539654im, 2.4489128278731566e-5 + 0.00043310890491660603im, -0.0004105201631511812 - 0.00027053652744379517im, 0.004447016623499122 - 0.0011710004841614862im, -0.0008776360341249652 - 0.001973592379693965im, -3.903945088966458e-5 - 0.0007545606745327685im, -0.0024661010148799285 + 0.0025134550485087113im, 0.0020105455485577165 + 0.001292131040578773im, -0.0005582413929734178 + 0.0013294638469110282im, -0.009396457353308942 + 0.008529611734295858im, -0.0012616362480036168 - 0.00228035906687368im, 0.0018097767561490972 - 0.0024088910275143973im, 0.00020405734717230891 - 0.00023634007950060608im, 0.00041054364072860264 + 9.820447751256124e-5im, 0.0012482668986890538 + 0.0011857293254266066im, 0.0009773810759947704 + 0.0007090225944874865im, 0.00043039682862958296 - 0.00048502664054560533im, -0.0018406336934806116 - 0.0007671754215378392im, 0.00013314810468387963 - 0.00040561904764277364im, -0.00042629541120083736 - 0.00014695237897264583im, 0.0007378393892080838 - 0.0010600085051639336im, -0.0005792398209695129 + 0.00018024330597421075im, 0.0012045861270355656 - 0.0008288341475748553im, -0.007716055441988285 + 0.004920625704809473im, -0.0014295506705415055 + 0.000574279562549443im, -0.0016863314056693559 + 0.0021645249796283916im, 0.0004837245745284393 - 6.922973311746956e-5im, -0.0007114860048505818 + 0.0006605432126454234im, -9.446448782718087e-5 + 0.0008021656123332869im, -0.0012627272267237532 + 0.002085159513851795im, 0.0012875128242838246 - 0.0004593404152106375im, 0.0033548578711324554 - 0.009680350505355331im, 0.005137527964116001 + 0.00017146276178496857im, 0.0030489517054118156 + 0.013889277175810653im, 0.0026873992045847823 - 0.0028332581046950373im, 0.00058739686187923 + 0.000661116758060137im, -0.022605599842312262 + 0.009551174411053737im, 0.0007362877833414368 + 0.0024480315583526933im, 0.05401811118879348 - 0.04169703503855469im, 0.0008829831676170682 + 0.0006673862361018303im, 2.418260545048818e-5 - 3.94168196503753e-5im, 0.0003174345846028365 - 0.001350247895736541im, 0.008820131932745398 - 0.009606199360523716im, 0.03915325144358449 + 0.01194206688656636im, -0.028765655716313163 - 0.14224234727065607im, 0.0056469420449886416 - 0.002375190820748817im, -0.0009357256865884018 + 0.00019470961640425034im, -0.0003635211784364125 - 0.00010168695662203055im, 0.0008052196380724932 - 0.0028625462062917433im, -0.0013024274291337187 + 0.00019189072166118617im, 0.0020073895678931453 + 0.0014960084698332691im, -0.011353432605216738 + 0.03315157291475381im, -0.002007441687842313 + 0.005112141953116361im, 0.017600307336522632 - 0.010115119115213565im, 0.010034875884380751 + 0.014940455420302064im, 0.0012294282584776235 - 0.00027445302218815563im, -0.0008693955281061639 + 0.0003457373863544728im, 0.005589255427206308 - 0.0029783487124614354im, 0.011911169357141859 + 0.006306607149661598im, -0.0020147022481481138 + 0.0002841109183817727im, -0.003868207001458533 - 0.0010961251841810173im, -0.008572157363319696 - 0.013969072468916724im, 0.0044042066736228805 - 0.0030280640642902845im, 7.942282539402961e-5 - 4.598589133333588e-5im, 0.0008666788112087317 + 0.0006349012279366098im, -0.004627337104522222 - 0.008274515275581297im, 0.0013307100863277574 - 0.0024763323962267414im, -0.0010900399916448417 + 0.0006169131846801353im, 0.0005017960609392452 - 0.003198791726865431im, 0.002693267421229349 + 0.0003224709410977925im, 0.00027222870467091354 - 0.00022195019438888617im, 0.0006340541464304528 + 0.0011490454713918227im, -0.00040895016788183625 - 0.0019899678527247953im, -0.002489905845772257 + 0.0002933426152634432im, -0.0005894559567898863 - 0.00039955440927271814im, -0.00017428937602626945 + 0.0007502959695513215im, 0.0030032729636794804 + 0.0012235874774048118im, -0.00017177707140311868 - 0.00043715518044029215im, 0.0001571594250936838 - 0.0012112050651713958im, -0.00046222520424938637 + 0.0006600686429247715im, 0.001915725045002385 - 0.0016793890557433046im, -0.006751418687150702 - 0.004577203170655726im, -6.121307214471666e-5 + 0.001730842061325296im, 0.007207216300664187 + 0.0025797232613708736im, 0.0006643319268168532 - 0.0002013567665539223im, 0.0015519196007263698 + 0.0012060761326789448im, 0.00010173450260778293 - 0.0005140572908132948im, -0.019212361228070577 - 0.015240613556379626im, 0.0014896403411888183 - 0.05111010192444183im, -0.0008264914245074759 + 0.001655435166347131im, -0.0029350766972347174 - 0.002485911912342889im, -3.147311693287331e-6 - 0.00022294130819138842im, 0.0004979833354229602 + 0.0029227512170541376im, -0.004676428997926818 + 0.0033880054444582882im, 0.00814820664408129 + 0.021575230084174918im, 0.0038379893580720074 - 0.0046722957260382095im, 0.007063319237663017 + 0.006006358618091799im, 0.00016823169296999779 - 0.00024405990237746607im, -2.6968798471578135e-7 + 0.00019413075393536326im, 0.0032889315517966094 - 0.004677793801573676im, -0.04047856299018208 - 0.007500469728765335im, 0.012132028750364333 - 0.007602984989614859im, 0.0008966168516972304 - 0.005046874657103012im, -0.00044072076635808243 - 0.0003148517973599987im, 0.0064340297662575955 - 0.003010506040085855im, -0.0019896573683355176 + 0.005814283777323678im, 0.00120019922415243 - 0.0015601682656218817im, -0.013144415741574452 - 0.022961229347341693im, 8.469818763547619e-5 - 0.0004858515328473318im, -0.0005836020464216603 - 0.00022497210141559433im, -0.00037587940581805556 + 0.0015205216421057474im, -0.00024002828174053757 - 2.3314893694283213e-5im, -0.0006251379247566385 - 0.0007901675113997956im, -0.0005817045864402459 + 0.006513153691472861im, -0.00021691159155031245 - 0.0031314698192391015im, 0.0017743293427283128 - 0.00364609698959024im, 5.004779239348412e-5 - 0.0002594351370546212im, -0.0005546780779169408 + 0.0007733248723996337im, -0.000352682355946838 - 2.9981017348224826e-5im, -0.00015613523996042098 - 0.0006829249623680655im, 0.00031403826910183575 + 0.010803822567840704im, 0.00030151109527312 - 0.00021397801689121478im, 0.0011129840448292057 - 0.002285497564931147im, -5.014882036899899e-5 - 0.00042375651946456046im, 0.0009730066080716441 + 0.001387704951673186im, -0.0002725905412205503 - 1.7009968366426816e-5im, 9.009415315503636e-5 - 8.541706356807364e-5im, -0.0011861689810728473 + 0.009630310893915526im, -0.0009607838249929562 - 0.00186768486411161im, -0.0025786533275415284 - 0.00013158287071512862im, 0.0001489507242091048 - 0.00020214489836546456im, -0.0006236787147227155 + 0.00046398561805775226im, -0.0018320820142263263 - 0.0016136191610773786im, -0.00031903089281095937 - 0.0016900821877596675im, -0.00017630842959901296 + 0.00043339527043181154im, 0.0010075974824288129 - 0.00015912309347073533im, -0.0009792576600996007 - 0.0038152707402943978im, -0.0004290052663598076 - 0.0036571549235233617im, 0.0020143226997551425 + 0.0013262666737546489im, -0.00041919401895619096 - 0.0016286040844260567im, 0.00031295829019315093 + 0.0010024317382614303im, -0.0003177707775179257 - 0.0009332203890039663im, -0.010829730274474822 - 0.0005192125872545907im, 0.001463787438337328 - 0.009452932461323142im, -0.015604181166390424 + 0.005504240943719911im, 0.001770080296566424 + 0.0007411965848916645im, -0.0012098844330880416 - 0.0011275861656577094im, -0.0009990549469622528 + 0.0019355430956204231im, 0.005681354181870591 - 0.004526950016298893im, -0.0170265241387249 - 0.00861994350895158im, 0.025067987267644323 - 0.009186077798131085im, -0.011304559499133865 - 0.008394068083705927im, -0.0005553202513223663 - 0.000209827902225289im, -0.0011524321373578585 - 0.0032088792977779325im, -0.0006415961286833739 + 0.0004068692539299704im, 0.006870111802942254 + 0.002313889265579729im, 0.0044852634123342915 + 0.015078815265699914im, 0.0016320037962264209 + 0.002310030767993529im, 0.0012785126035234477 + 0.00015991375963999048im, 0.00037525249661453657 - 0.0006849200673144692im, 0.0034968449762103585 - 0.003629917343893428im, -0.0013060612299411356 + 0.0006442069383265468im, -0.0022293063407667715 - 0.0022425169906708582im, -0.0011894444506329715 + 0.0004627579936279957im, -0.0007043124599015064 + 0.0023910480830735357im, 0.0015719203770643115 - 0.0009148304437769188im, 0.0040692230952251215 - 0.0018201624476836286im, 0.005904659515352756 - 0.000491861414156129im, -0.00033963482374128597 + 0.0003540185037350675im, -0.0003092372683207131 + 0.0005045202662778335im, -0.00032573211066094657 + 0.0003305634695005461im, -0.002147495526591394 - 0.001593451443161173im, 0.003886673852562449 - 0.005713492460391422im, 0.003983843779836101 - 0.008529602835126276im, 5.9126892209795366e-5 - 0.00022211276682599214im, 0.0008976251002705834 + 7.20402403073853e-5im, -5.9398729976481256e-5 + 0.0003477600049476119im, -0.0037455798535402478 + 0.0014993776440964115im, -0.001007201801548719 - 0.00033082861435480604im, 0.004690326695909989 - 0.01969955626475591im, -0.00019228431055974278 - 0.0019185433202269459im, 0.0005884949558858245 + 0.000365545186894333im, -0.00022880883742472299 + 0.00016653884423987222im, 8.184243248832333e-5 - 0.0003451217418834521im, -0.000876404941061003 + 0.0016762901439198767im, -0.0036118422651809775 - 0.010949389005206846im, 0.005504200873905592 + 0.0017886993662011557im, -0.00037677332672162486 + 0.000377832158005233im, -0.0005592897863586338 - 0.0006948381556565126im, 0.0006529190739268811 + 0.0004763802775004981im, 0.0009869980614959333 + 3.6035730114282594e-7im, 0.001462995867736955 + 0.0015486813992653023im, 0.006534524480663364 - 0.00992504547791515im, 0.003837231393818065 + 0.002027783114328389im, -0.0008230178563922173 + 0.003067119830333526im, 0.0012337557839668756 - 0.0015116653373395837im, 0.00013549521394415839 - 9.506707756923702e-5im, 0.0008057024457228213 - 0.005341696122446308im, 0.004552855224052978 + 0.005471014355375436im, -0.0002783994644258166 - 0.0004182026721097425im, -0.0008089974276275881 - 0.002939029955232011im, 0.0010767821555432765 - 0.0022912957360571515im, 0.002624159170629496 - 5.380931865572087e-5im, -0.0017284888140111753 - 0.0027335025723441014im, -0.002154093643345572 - 0.001501530805707993im, 0.004614912967606948 + 0.00544542484810001im, 0.0005607585857479058 + 0.0016369448702086022im, 0.00045523352262754046 - 0.0014080818308981097im, -0.0004067846322831543 - 0.00012621332025768947im, 0.019262273401499237 - 0.00806885299524192im, -0.0014416630960033172 - 0.002606629213464556im, -0.0046334357592418525 - 0.009183092771830192im, -0.004195090825878078 + 0.001180730068580714im, -4.795169764341167e-5 + 7.309167321242371e-5im, 0.0009447036767633333 + 0.003215276059214497im, -0.0018491524726440872 + 0.0003440962925527485im, -0.03893214174910729 - 0.019215398866197674im, -0.0009220304745000298 - 0.002784859954219086im, 0.0033285426329941565 - 0.00748052876633602im, -0.0007700741507579903 + 0.004091568334139758im, 0.00134462205862743 - 0.0010211402622853083im, -0.005580588153553921 + 0.0040604574346420255im, -0.0008488826263722921 - 0.0008624700946576168im, -0.0007415097276959422 - 0.0012837399324084904im, -0.0003825710530351499 + 0.0005404733733136028im, 0.00022325075068153286 - 0.0003176172389981135im, -0.0001929997877716674 + 0.0011983240411664842im, 0.00044702944976613 - 0.004113628303053706im, 0.0011239447458050325 + 4.6627944876469194e-5im, 0.00018637265682497583 + 0.00045365281230350097im, 0.0021325397603756523 + 0.00028214595922799936im, 2.9766426958495197e-5 - 0.0007039578491188296im, -0.0007364801963975772 + 0.002592583582480777im, -0.00017871911144352377 + 0.006640001562973081im, -0.00040327752323884413 - 0.006112431931091838im, -0.0007508037775052225 + 6.048863207950813e-5im, 0.003065354618964282 + 0.0036377515127072606im, -0.004886767365931769 + 0.00687399167386275im, 0.0009058284751301797 - 0.005340751724874107im, 0.0032923390004212347 + 0.012390696244553127im, -0.003052279202710754 - 0.0045884791702380376im, 0.0018823689679817147 + 0.004841292628133122im, -0.0036465475176177594 - 0.0007637988317734913im, -0.001103467305038147 - 0.01758891693841798im, 0.00037946256197852736 - 0.0004633682939615796im, -0.001994474228947769 - 0.013515551702652655im, 0.004125119348077277 - 0.0122785683778291im, 7.396208742093144e-6 + 0.00037389035225325926im, -2.564656599024439e-5 + 0.004331214361365866im, -0.003608074191053568 - 0.00414549867802498im, -4.31319161070517e-6 + 0.0004396556546016933im, 0.0001164420034816611 - 0.0002594844858422083im, 3.9648704396271005e-5 + 0.000662244560938098im, -5.614178342173623e-5 - 0.0005071124919910358im, -0.01941350150805532 + 0.02287836183915255im, 0.019650160101537275 - 0.00887819449990135im, 0.005149639781764152 + 0.008514656735876992im, -0.0014638244021992113 + 0.00038817356267954094im, 0.007702889877157912 + 0.004623550460308562im, -0.0002877987554038141 - 0.004485011935555282im, -0.0013189824862965397 - 0.003815965493961472im, -0.009597755942274187 + 0.004634017163416286im, 0.0011299295602664303 - 0.0042200629625570195im, 0.006159634051930732 - 0.0077730481543721525im, -0.0015487935905532217 - 0.001227577196728176im, 0.011215883788185565 + 0.00750038498940235im, 0.00247524751631371 - 0.0014654180019525234im, 0.0025262978814227966 + 0.010204959201428079im, -0.001170706401602179 + 0.0019180181586978947im, -0.00022209097007693158 - 0.00166791168450448im, -0.0037434417406791327 + 0.0006764688348237782im, -0.0035793178816340095 + 0.0004354569175474012im, -0.00031912866377744226 - 0.0008135062685912735im, 0.0008498800737103882 - 0.0005403803932125611im, -0.0007821307703383995 + 0.00030022668497160023im, -0.001684488171275441 - 2.2657072234678024e-5im, 0.001676807101266359 - 0.0006985558814329392im, -0.001537039719322892 + 0.0013587144465706934im, 0.0007379443033759226 - 0.001593674530231193im, 4.6628213465175395e-5 - 0.00013173626102162378im, 6.899817177798172e-5 + 0.0008022817717442523im, -0.0023888881455670545 - 0.0005258171314012251im, 0.015221555929911468 + 0.013163299598998271im, 0.01066575691580722 - 0.004686792912536934im, -0.0017558201294662677 + 1.7787139826498977e-11im, 0.0015721144102743255 + 0.0015167513761713066im, -5.4293042516373096e-5 + 0.0005103471379211348im, 0.0018134021468170227 - 0.002149901099280145im, -0.0034817708354481945 - 0.002298232214545286im, 0.0035333382554846543 + 0.03526077577401362im, 0.01296183930781752 + 0.011846704608705674im, -0.0013393534141021633 - 0.00145327768186431im, 0.0006358422271036491 - 0.002531958190697126im, -4.441633617834819e-6 + 0.0008883138927576555im, -0.0011465202492577438 + 0.005962832295547731im, 0.0008835960061511832 + 3.776886948513604e-5im, -0.0007041019973094879 - 0.04047879997480528im, 0.002393939374894745 + 0.000703908155269248im, -0.000284664423663023 + 0.005160537778749614im, 0.0008046825968760331 + 0.006238176549950102im, 0.0014486542620005313 - 0.001341221047493439im, -0.002228715055191974 - 0.0015308824533298107im, -0.0004234402121863376 + 0.0006952922000666327im, -0.000927748835906817 + 1.953215453694031e-5im, 0.0027325714573645057 - 0.006404386908692623im, 0.0003058499510282892 + 0.0004114033182757538im, -0.0028975525114462745 - 0.0026467392851544057im, -0.00408632493323168 - 0.003760488877153529im, 0.00014718649702623652 + 8.580267988399374e-5im, 0.0012182250192695496 + 0.0010357445551037322im, -0.0016993352959668935 + 0.0005386238969607557im, -0.0014798247795520362 + 0.0015837345850687262im, 0.00020066099384696953 + 0.0002662860198490771im, 0.009277333784418432 - 0.0016876605558219634im, 0.0017825389257385199 + 0.005710071831471323im, -9.57244902035632e-5 - 0.0003640572710096477im, -0.0034691454127786644 + 0.0004316405178372641im, 0.0010828263353348864 + 0.0008202383575591816im, 1.660587562536076e-5 - 2.5800148159376325e-5im, 0.002916130874206111 + 0.00017743571175801124im, 0.001073484762247294 + 0.001128155343994252im, -0.0027303203002115076 + 0.0021151559435487635im, 0.011143494908504848 + 0.0007783278272925323im, -0.00024308688629853166 + 0.0012573056767185887im, 0.00039795767271657683 + 0.0003216853516762505im, 0.0019675305523318243 - 0.0014963615673408547im, 0.008780135659341028 - 0.002692539227307413im, -0.0006324665877795457 - 2.8419726195578318e-5im, -0.0014086824321710232 - 0.0017051411177090563im, -0.007841741931007206 - 0.0012359986127168628im, -0.00024050489615832073 + 0.00019160622433142267im, -0.000522325227852001 - 0.0009755917529092378im, 0.003845450991373393 - 0.00257372137634031im, 0.0035732942444117494 + 0.007851590689999466im, 0.0004866259312887471 + 9.986780112931343e-5im, 0.0027329065505188764 - 0.0006432054658187656im, -0.0010925118420368198 + 0.003299181858320847im, 5.526239752446236e-5 - 2.0236750130117995e-5im, -0.0004794720596804632 + 0.011487685265231615im, 0.0015349876689507145 + 0.0008630635727294412im, -0.0011029598684398707 - 0.003354225631662475im, 0.0008696038358575917 + 0.00123498868219484im, -0.0005948694255217728 + 0.0009154645253823291im, 0.017748350022045393 + 0.00600307933706971im, -0.0007628049365024089 - 0.0007470022183520185im, -0.00569924304453345 + 0.007528898557536177im, -0.010283142623336404 - 0.017998640613860653im, 0.0010966798525851678 - 0.00020652808758583972im, -0.002241350901850864 + 0.00019120416489642352im, 0.0009217360693705346 - 0.0005069969829975503im, 0.0003494406840656313 + 0.008932530491299356im, -0.0005001186571954599 + 0.0007283406269747004im, 0.018181284432571908 + 0.002100224833051089im, -0.0020158804308844044 + 0.007309043522077539im, 0.0019185290494738412 + 9.19561335219647e-5im, 0.0026050184153607577 - 0.00018089987452622457im, 0.000361930809238527 + 0.0001972126756781928im, 0.0009786881757153079 + 0.0010770045548073373im, 0.00010901517638822895 - 2.4263416955167507e-5im, -0.002857393632289684 + 0.0017585273247416363im, 0.0024214452777324533 + 0.004240861227744287im, -0.0002969682327771028 + 0.0007932816169890974im, 0.0016756776172633097 + 0.001957795392885928im, 1.9170264155846158e-5 + 0.00015620326490827795im, -0.0015461859805496107 - 0.0011268451876866655im, -0.0005118245159058798 - 0.00019594107943272937im, -0.00018552581549009857 + 0.000929645276702322im, 0.0012526467060282058 - 0.004173978440442764im, -0.0017445522904730411 - 0.000491523067853144im, -5.681469766615197e-5 + 0.000211625762279398im, 0.0006147489431963995 - 0.0006920180635040742im, -0.0016870021449737168 - 0.002858388683760954im, -0.0019170334124441126 + 0.002398721161071555im, 0.00015832736530848996 + 0.0031170112130951676im, 0.00351380269982155 - 0.0034128392570614515im, 0.008031065079515029 + 0.004442770829177515im, 0.0003064287000391476 - 0.0001840644941120229im, -0.004214152335338957 + 0.0027845314298631735im, 0.00025933013693586174 - 0.0005748732821791625im, -0.0051919236680903185 - 0.0029833080284749542im, 0.0005060266044922698 + 0.010428256276397938im, 0.03827127434625751 - 0.004655012728703712im, -0.0076844393157830945 - 0.019147614612358723im, -0.00010225407286608368 + 0.0005077009391571782im, -0.001156125618072431 - 0.0011373816052398192im, 0.0007751855200813883 + 0.0009995925513928694im, 0.01182915950661833 + 0.015365032726825396im, -0.028673608520054492 + 0.044973795401616896im, 0.042877790867358344 + 0.011615901048237998im, 0.0018760414550017888 - 0.007807854485882811im, -4.889253060078736e-5 - 0.00034386835225740147im, -0.00014018167219568176 - 0.0002882069344420408im, 0.0019411710497612687 + 0.0012936073094848355im, 0.00010334320150016375 - 0.0054327204347195315im, 0.03106536623328022 - 0.009411280680726842im, -0.0022034498809991847 + 0.001874679524201167im, -0.010488959516376538 - 0.0019448163552967849im, -0.002410880557614893 - 0.004904087322845552im, -0.003549608285124247 - 0.0008098736138970267im, -0.0020772324228849185 - 0.0009989226999271717im, 7.434709029018661e-5 + 0.001079279810967242im, -0.018431788863619195 - 0.03834581692753329im, -0.000906829880176144 - 0.0016341871225185754im, -0.0002186878228090233 - 0.00036223621121759506im, -0.0011622257621537208 - 0.0005223681750701444im, -0.000705861467053897 + 0.0014474371525964066im, -3.4185244154433716e-5 + 0.00048392958716759956im, 8.514205766524983e-5 + 0.002036775257517875im, -6.532384994021891e-6 - 0.0013180334255012947im, 0.0010139022094983127 - 0.00037253215463274293im, -0.0008077185992506823 - 0.00033214546302665136im, 0.00026891888169394034 - 8.129682622691655e-6im, 0.00033228311418919077 - 0.0002976550495440337im, 0.0008537836108867654 + 0.00033875127100619793im, -0.005505397298678815 - 0.0005834467769641739im, -0.00016591751181520918 - 0.00021792070718556095im, 0.0030189533412239692 - 0.006691294203674815im, -0.000473402759446304 - 0.0004952010488744171im, -0.0009517566875204771 + 0.00010413473624391339im, -0.0043894166183527285 - 0.004577999032736883im, -0.0005550158869667554 + 5.040626027035328e-5im, 0.0027353514626605713 + 0.0053869885692662866im, 0.0005940650856567163 + 0.000505733287633117im, -0.0022071197214477752 - 0.0022943117420865904im, -0.0017416820838602842 - 0.00727262501399573im, 0.0017328399691360597 - 0.0009411287058126693im, 0.0032766379956241337 + 0.0019050931973913392im, 0.0010110771879329513 + 0.0005724392589448714im, -1.4366687119799661e-5 + 0.0003674786085467415im, -0.0010426421260397842 + 0.0005184837182925797im, 0.00044300601480301414 - 0.004922268041717506im, 0.00457183118298231 - 0.009350022544769862im, 0.0017358641561233362 - 0.0011626844575017463im, 0.00030572514473508293 + 0.001467127505365282im, -2.303114131539245e-5 - 0.00044419984213810057im, 0.0014658238798808346 - 0.0025064131575238046im, -0.04763519493368006 - 0.012698918734888933im, -0.0001127593579914929 - 0.005101607033928975im, 0.0011809901359046374 - 9.26749883575981e-5im, 0.0023371442736150067 + 0.0008294778107827556im, -8.846169552311068e-5 - 0.0015754720157544365im, 0.004884945612033011 + 0.008948341052378362im, -0.0023897147587385093 + 0.0015319893402838717im, -0.0007261485223133336 - 0.00222099939126778im, -0.007632328982459568 + 0.00169815585686877im, 0.00013510593641239392 + 6.537225265479126e-5im, 5.8680775022681734e-5 + 8.770339625709879e-5im, -0.0014084887624562245 - 0.0005557141693680499im, 0.001230089433784581 - 0.00046134741778601404im, 0.00023055672780186468 + 0.002811376358614643im, 0.0007429530318096701 - 0.002956433015297609im, 0.0007993056068726295 + 0.0032305373927379423im, 0.00024591508298528236 + 0.00010659733967861521im, -0.0012976787422971884 - 2.167712225947431e-5im, 0.0032569046004379616 - 0.0032058752088973456im, -0.0004188879456311715 - 0.000320971306099384im, -0.0008053561949143802 + 0.004059846825000775im, 0.0008551999107510157 - 0.0015430246101233202im, 0.0057392099793579935 - 0.002335978926828972im, 0.003587303712626934 + 0.0006119767449468551im, -0.00066609384759308 + 0.001036524243901861im, -2.584408448255665e-5 - 0.0006042375722733476im, -0.0017989321220493917 + 0.0005010831850471361im, -7.501985860380141e-5 + 0.0006191595323866149im, -0.0006429841574335756 - 0.0007581099576543509im, -0.0006956422951163785 - 0.0006810546383965423im, -0.00027527114636363915 - 0.0007962205558754872im, -0.0034546300718583593 - 0.0008031974985843419im, -3.487115320688437e-6 + 1.6481260141087315e-5im, -0.0008319586361593402 - 0.0014219553145265276im, 0.0011256055063280908 - 0.002139245614269001im, -0.008187296426947991 + 0.005335333788324937im, -0.0007313060699997793 + 0.00041059151042362863im, 0.0041017014903739855 - 0.001817089843832089im, -0.0009003831191889822 - 0.0003819114138363126im, -0.0020181726786199557 - 0.0022791071685726526im, -0.00022468482294640309 - 0.0002898277134591904im, -7.525347346099025e-5 - 5.460616719433296e-7im, -4.429913893114832e-5 + 0.0007302357048901329im, -0.0015089580410374292 + 0.0001645505189309179im, -0.00533897230139139 + 0.0010335676271439982im, -0.0006160113244884132 + 0.002265675615875807im, 0.0007314832807563997 - 0.0017645183076326824im, 0.0002494844784690858 + 0.00033467520381369654im, 0.0009545900000953842 + 0.0006338643157075618im, 0.013654202371415212 + 0.007035218241848889im, 0.11483291135669721 - 0.18451284705725382im, 0.059943210021207664 + 0.007598005277774438im, -0.0008545877454131925 - 0.0013622781474437887im, 0.007509385558662516 + 0.005980925816735458im, 0.00031827779299372033 + 0.0001405709956476406im, -0.03415812948253386 + 0.005389877270208898im, -0.12520507068833284 - 0.20300921628736027im, -0.006176330881867065 + 0.01544755438074925im, 0.002182628768582861 + 0.0009390159726831638im, 0.0008068041235585557 - 0.0005905857304507477im, -0.0019830506801298536 + 0.004124972176098754im, 0.0017320974031524656 - 0.0005759062020632971im, -0.001052467128047636 - 0.00048741757600536913im, -0.0032926628144843003 + 0.0047156018594850845im, -0.0004954470476995665 - 0.0010422963661627525im, -0.0018242514240535378 + 8.910450038626342e-5im, -0.00016605054578492062 + 0.0008339848102807716im, -0.024167073280703093 + 0.0037826053562914244im, 0.0005423515616072224 + 0.002448774144865871im, -0.0009761501565462171 - 0.008649293842418432im, -0.001912160746876974 - 0.0015290972552514468im, 0.0002603229151079322 + 0.0003626423052890733im, -0.0005691924906762766 + 0.0017495919407964971im, 0.0035692903672062304 + 0.004591816702314182im, 0.0036346211697080473 + 0.003075433570265737im, 6.353757166192595e-5 - 0.002067139156256884im, -0.0006745064723974067 - 0.00026655938993849624im, -0.0035615566181859022 + 0.001985552749329108im, 0.0014926073874750334 - 0.0003705870614956478im, 0.009373278488849971 - 0.01872273350921416im, -0.001314878325574822 + 0.0009238483499511282im, -0.00012999617601499073 + 1.4704852945646089e-5im, 0.0003644590314964572 - 8.70847663870352e-5im, 0.00025965362501022656 - 0.0007814529195542689im, -0.003676748218250816 + 0.000846058318284202im, 0.000899793241555865 - 0.0010328662265258895im, 0.00033334123558813745 + 0.0012058746250038829im, 0.0005963526301051153 - 0.0016881282387781278im, -0.00228282713043699 + 0.006024220514199714im, 0.0019084728100856256 - 0.0006201973910983478im, 0.0014518986337295854 - 0.0007917192996741622im, 0.00252552363703735 + 0.003202989575854943im, -0.018019581593414623 + 0.0258210218438284im, -0.004250236564771935 + 0.0003896121318918443im, -0.00387197168472915 - 0.0057710820596062066im, -0.0006984974305309165 + 0.00011848695128860254im, 0.0037527476606129357 + 0.0015006871285996716im, 0.0017250194650807883 + 0.009101703482929518im, -7.816194737272649e-5 - 0.0005194298077305653im, 0.00515075590866507 - 0.0033698911546081525im, 0.01644051397088914 + 0.012019889386883208im, -0.008267887775676658 + 0.01230959898370733im, -0.0018133269076024336 - 0.0013370477481669818im, -0.0008040342316777495 - 0.0010903763735280504im, -0.0034473697425203786 + 0.002900912155360665im, 0.0013722706218683076 + 0.003936731916654945im, -0.01815735594492899 + 0.045743437498815424im, -0.005063884941359229 - 0.004191947805116252im, -0.00030035074687971444 + 0.0007543442384546467im, -0.003282348802438146 + 0.0009607892893036793im, -0.0004215815754427595 + 0.0003347469899694227im, 0.0007751699225747353 + 0.0019335669634855763im, 0.023453218449478785 + 0.03983619524846699im, 0.00016602944538190903 - 0.00045143903644775344im, -0.0016388655944288913 + 0.001342763597298286im, 0.0013393396919400848 - 0.00121261731253183im, -0.08834786583501131 - 0.025210773901160864im, -0.0005867494088415074 - 0.02801481977790028im, 0.01325245492585771 + 0.012422727354371528im, -0.0008469510481731616 - 0.0070918439125200235im, 0.00026062855299590216 - 0.0001001411990142831im, -0.0023239175588436597 - 0.0017278759130280724im, 0.001794855840201233 + 0.0007607429701786097im, 0.010341796055717615 + 0.011811605824097508im, 0.0005876147825388977 - 0.0010701377845384354im, 0.0025157578258463388 - 0.0036932234604743204im, 0.0006798096765464288 + 9.859449277490543e-5im, 0.0016571044978093048 - 0.003054398819457041im, -0.006426423039103055 - 1.7018178284576906e-5im, 0.0003514708879746361 + 0.0003509128060618956im, 0.00042666942501186735 + 4.719024357303418e-5im, 0.00017094167828442318 - 0.00011275629351732164im, 0.00035592241989133345 + 0.00037289872015246997im, -0.003713175704018979 - 0.0030000519928668214im, 0.0007811028151027839 - 0.0005458653849523836im, 0.0005054355565365012 - 0.00016936832307177285im, -0.001133485369153446 - 0.002282737718879327im, -0.0009644531602073838 + 0.0007486810194148603im, -0.00025220057820676253 + 0.0017302391140843463im, -0.018968203003838793 - 0.0010173473412826287im, -0.007982820013672981 - 0.02788353960421206im, -0.05604165174689238 + 0.046549955938465636im, 0.001307898286011151 + 0.00013404441176593802im, -0.002917028199995618 - 0.010857417540316295im, 0.001293869652003187 + 0.0011450658737559552im, -0.0006957003918111488 - 0.0010428471097703536im, 0.0057746549080710235 + 0.007935112568186785im, 0.003124096359251019 + 0.01256723336547945im, -0.0006389604938096236 - 0.001092365377216199im, -0.0013539527797019769 - 0.0016084374174218207im, 0.0010464397605076743 - 0.003540731295997965im, 9.155689304411446e-5 - 0.00022866570610493013im, -0.008404295745521822 - 0.00704817249696203im, 1.994063844223012e-5 + 0.0012982892798932358im, -0.004554974317080538 + 0.001985433647697693im, -0.012309778567773747 - 0.009761590259528032im, -0.003501598335728792 - 0.009776535236978821im, -0.001285936510749355 - 0.0015532766388307744im, 0.0020035001233988134 + 0.000943400343752334im, -0.0001621772025764396 - 0.0007075663050617265im, 0.0009903710542710899 - 0.002944070650762647im, -0.003764901306651087 - 0.0022953322213483977im, -0.0033376928491762113 + 0.002762740207121625im, -0.0022182651205572535 + 0.0005997994431872224im, -0.003969804319035577 + 0.0004394515659053698im, -0.03220510164024335 - 0.03962943224113442im, -0.0008068433500464415 - 0.00014857677562073187im, 0.002911256673401821 + 0.00727555025934508im, -0.004248456235407849 + 0.0067070994457049254im, 0.0005336586909739155 - 0.0012206608222811676im, -0.0012777137341887929 + 0.0004303724004553451im, 0.004205340232218513 + 0.00150116796801902im, -0.0010035646076054462 - 0.0013547674922270829im, 0.00305464296627478 - 0.0014852866356566284im, -0.00423134688603625 - 0.0003055192587589442im, -0.00010306613196697952 + 0.00015279419498727517im, -0.00012306350806627934 + 0.0004525863512843239im, 0.0020167381719840838 + 0.0020501780542126445im, 0.00100463838477545 - 0.0004897470775828306im, -4.33175353233924e-5 + 0.0015768669059261153im, 0.0038215764168512798 - 0.0003484092877072832im, -0.0001670466637569422 - 1.1306838830809927e-5im, 0.0014145791217700788 + 0.0017249345098667515im, 0.0028027136392200567 + 0.0016795764463269905im, 0.0005021815116320891 - 0.00035368056886988895im, 0.0003347383074087686 + 0.0005221528411902567im, 6.62189767697819e-5 + 0.0005474221225861721im, 6.261946217557384e-5 - 0.0040772961198264936im, -0.0012535758922057232 - 5.731211417673438e-5im, -0.00161655405685503 - 0.0030537556522833276im, -0.010874931992230162 + 0.0002714099961579443im, 0.0010930903629554076 - 0.000960301262211717im, 0.0008243641010335345 - 0.002182710448685959im, 0.0009883375194902988 - 0.0008675767566430461im, 0.0013430734719744172 + 0.0035687746296252675im, -0.00031407187050507674 - 0.002162886303124904im, 0.00934170907434871 - 0.02720626949573572im, -0.0018017497256908946 - 0.0010018892938304252im, -0.0002640998615820605 + 0.0028879492256557674im, -0.0014486834164886518 - 0.0004030038100967727im, 0.0010731099275348 - 0.0012844210380970722im, 0.019219976284059515 + 0.01061905571261712im, 0.00016771532405669877 + 0.0004655026207209803im, -0.0010891652997845204 + 0.006068573780464527im, -0.009040267409646873 - 0.016065938835867825im, -0.002637819707741474 + 0.0008663745373431209im, -0.00036244754198755695 - 0.0006791237415647792im, -0.001995553523356988 - 0.00027146356461891884im, -0.0004331893655162298 + 0.0009606488125710173im, -0.0013613166547500354 + 0.0014744021742543255im, 0.0025549359278401545 + 0.0003499848175030456im, -0.0027124393088313573 + 0.006222967954352819im, -0.00021555233982292844 - 0.0001623405624284879im, -0.004420350860651158 - 0.005095282518917782im, 0.00024246247942440066 + 0.000915497098895413im, 0.00022421323697264096 - 2.525731529840611e-5im, -0.0005408819584518672 + 0.0015023972598024447im, 0.005045157084562489 + 0.001929523958206032im, -7.1058970503534416e-6 + 0.0036588916135284854im, 0.00016846840869805526 - 0.00022785340614461314im, -0.0009342842266159803 + 4.556217211047672e-5im, 0.0005298640667385049 + 0.0001019958487159988im, -0.005828877469754121 - 0.00483345513380322im, 0.0002553388660120137 - 0.00033120632070604827im, 0.000411032500766546 + 0.0004975998325809156im, 0.00024071468143969666 - 0.00020658452369175432im, -0.0008553823865184157 - 0.0037964321168002715im, 0.0004337063533407076 + 0.0013581658764902813im, -0.0021054173603370385 - 0.001102145443080168im, 0.0022685730957236784 + 0.003288612705415126im, 0.0011726080190591556 - 0.00021828573028163288im, 0.0006976506510593386 + 0.0008314161716049914im, 0.018690529145201456 - 0.011529255275880775im, 0.006373918392070141 + 0.0028443763405760617im, -0.00018652741707688846 + 0.0016168044191951472im, 0.011697592396039583 + 0.00033069676994567585im, 0.00023455595797907178 + 0.001125638913519251im, 0.0016435165812848788 - 6.103531622203597e-5im, 0.001071310961268848 - 0.007544825275278206im, 0.0032595640946628283 + 0.0033950194740815223im, -0.004078250673807942 - 0.010871376295936677im, -0.00016190802696571107 - 5.57253657942418e-5im, -0.0008327541927919832 - 0.00046059713772002834im, -0.005968538107755543 + 0.0006817325154044789im, -0.010485354828396028 - 0.013819082706306187im, -0.0005666270681649809 - 0.006540375687352222im, 0.004446237649960366 + 0.00361515188500849im, 0.0008660459416252439 - 0.0016337306295540845im, -0.0038993145495633463 + 0.0025058547441556816im, -0.0020928635383781484 + 0.0008421762604196223im, -0.01906356839015734 - 0.02050814655477675im, 7.841674013069314e-6 - 0.000933076807874693im, 0.003661731004203381 - 0.0030828721426306442im, 6.0631886740591656e-5 + 0.006671879741440933im, -0.006904811615724629 + 0.000853201178473802im, 0.005034807498437028 - 0.0013200017006842998im, 0.002181344802798919 - 0.0008510584026837339im, -0.0016271667401884513 - 0.0013767144478777978im, -0.0013169015037408159 + 0.00010331770490136176im, 0.022547462296932323 + 0.017089633608691677im, 0.006012121126091042 + 0.0023740044326084294im, 0.0026978696587130974 + 0.0017985041850607224im, -0.0011274678738670276 - 0.0014801515977411253im, 0.0006540941163276889 + 0.0004015811141561152im, 0.000310442530073959 - 0.0002943839664296413im, -0.000527222995887393 - 0.00025327443540439245im, 0.0007381069000621898 - 0.0011549383237269974im, 0.000561164664842398 - 0.0009963033482921786im, 0.0004237248122019604 - 0.0004674222189160616im, -0.00011390729230732824 - 0.00030018816833561954im, 0.0004605780641918786 - 3.772932559030779e-5im, -0.0005072840947971383 - 0.0007714894698415076im, 7.889016331259729e-5 - 0.0008263798806875479im, 0.0003306142348356014 + 0.0065701181295449995im, 9.595980579537714e-5 + 0.000519970767087364im, -0.005469524109356103 + 0.0004076242149611859im, -0.0004829135854283506 + 0.0009658382083133402im, -0.0032302093194284797 + 0.0012011725065855133im, -0.00037403799315412336 + 3.60457279531247e-5im, -0.0003462906499129637 + 5.3127748950340075e-5im, 0.0003174275579379291 + 0.0009248585105513371im, -0.009296322890178881 + 0.002693943355711328im, 0.009414340249688286 + 0.019156034655866627im, 0.0004248201031311472 - 0.002563746284121586im, 0.009837607534654525 + 0.0016270678395677275im, -6.054168119996497e-5 + 0.0003702877267401143im, 0.005089627951367581 + 0.0009264357623328829im, 0.0014754114434795409 - 0.002525871981269293im, 0.12593299316198936 + 0.0936562871400468im, -0.0021895595136406805 + 0.02496486878300282im, -0.0017220731852125826 - 0.00016325842250955585im, 0.0005032458074281528 + 0.00025670061683691006im, 0.00031040129390003113 + 0.0007149456830728916im, 2.0372518871959746e-5 - 0.008335017299893895im, 0.17526479468517725 - 0.09650779420174832im, -0.001672644239204012 - 0.019062241219668003im, -0.002715235471248682 + 0.002980406399433524im, 0.008527106700024758 + 0.0034104586168469554im, 0.0003281549580406335 + 0.00012852103547621857im, -0.0008869201359691639 + 0.005373681868359137im, 0.0007828385560684854 - 0.0012981764028733315im, 0.000867133641151113 - 0.0014099491784083824im, 6.0631886740591656e-5 + 0.006671879741440933im, -0.006904811615724629 + 0.000853201178473802im, 0.005034807498437028 - 0.0013200017006842998im, 0.002181344802798919 - 0.0008510584026837339im, -0.0016271667401884513 - 0.0013767144478777978im, -0.0013169015037408159 + 0.00010331770490136176im, 0.022547462296932323 + 0.017089633608691677im, 0.006012121126091042 + 0.0023740044326084294im, 0.0026978696587130974 + 0.0017985041850607224im, -0.0011274678738670276 - 0.0014801515977411253im, 0.0006540941163276889 + 0.0004015811141561152im, 0.000310442530073959 - 0.0002943839664296413im, -0.000527222995887393 - 0.00025327443540439245im, 0.0007381069000621898 - 0.0011549383237269974im, 0.000561164664842398 - 0.0009963033482921786im, 0.0004237248122019604 - 0.0004674222189160616im, -0.00011390729230732824 - 0.00030018816833561954im, 0.0004605780641918786 - 3.772932559030779e-5im, -0.0005072840947971383 - 0.0007714894698415076im, 7.889016331259729e-5 - 0.0008263798806875479im, 0.0003306142348356014 + 0.0065701181295449995im, 9.595980579537714e-5 + 0.000519970767087364im, -0.005469524109356103 + 0.0004076242149611859im, -0.0004829135854283506 + 0.0009658382083133402im, -0.0032302093194284797 + 0.0012011725065855133im, -0.00037403799315412336 + 3.60457279531247e-5im, -0.0003462906499129637 + 5.3127748950340075e-5im, 0.0003174275579379291 + 0.0009248585105513371im, -0.009296322890178881 + 0.002693943355711328im, 0.009414340249688286 + 0.019156034655866627im, 0.0004248201031311472 - 0.002563746284121586im, 0.009837607534654525 + 0.0016270678395677275im, -6.054168119996497e-5 + 0.0003702877267401143im, 0.005089627951367581 + 0.0009264357623328829im, 0.0014754114434795409 - 0.002525871981269293im, 0.12593299316198936 + 0.0936562871400468im, -0.0021895595136406805 + 0.02496486878300282im, -0.0017220731852125826 - 0.00016325842250955585im, 0.0005032458074281528 + 0.00025670061683691006im, 0.00031040129390003113 + 0.0007149456830728916im, 2.0372518871959746e-5 - 0.008335017299893895im, 0.17526479468517725 - 0.09650779420174832im, -0.001672644239204012 - 0.019062241219668003im, -0.002715235471248682 + 0.002980406399433524im, 0.008527106700024758 + 0.0034104586168469554im, 0.0003281549580406335 + 0.00012852103547621857im, -0.0008869201359691639 + 0.005373681868359137im, 0.0007828385560684854 - 0.0012981764028733315im, 0.000867133641151113 - 0.0014099491784083824im, -0.0022034498809991847 + 0.001874679524201167im, -0.010488959516376538 - 0.0019448163552967849im, -0.002410880557614893 - 0.004904087322845552im, -0.003549608285124247 - 0.0008098736138970267im, -0.0020772324228849185 - 0.0009989226999271717im, 7.434709029018661e-5 + 0.001079279810967242im, -0.018431788863619195 - 0.03834581692753329im, -0.000906829880176144 - 0.0016341871225185754im, -0.0002186878228090233 - 0.00036223621121759506im, -0.0011622257621537208 - 0.0005223681750701444im, -0.000705861467053897 + 0.0014474371525964066im, -3.4185244154433716e-5 + 0.00048392958716759956im, 8.514205766524983e-5 + 0.002036775257517875im, -6.532384994021891e-6 - 0.0013180334255012947im, 0.0010139022094983127 - 0.00037253215463274293im, -0.0008077185992506823 - 0.00033214546302665136im, 0.00026891888169394034 - 8.129682622691655e-6im, 0.00033228311418919077 - 0.0002976550495440337im, 0.0008537836108867654 + 0.00033875127100619793im, -0.005505397298678815 - 0.0005834467769641739im, -0.00016591751181520918 - 0.00021792070718556095im, 0.0030189533412239692 - 0.006691294203674815im, -0.000473402759446304 - 0.0004952010488744171im, -0.0009517566875204771 + 0.00010413473624391339im, -0.0043894166183527285 - 0.004577999032736883im, -0.0005550158869667554 + 5.040626027035328e-5im, 0.0027353514626605713 + 0.0053869885692662866im, 0.0005940650856567163 + 0.000505733287633117im, -0.0022071197214477752 - 0.0022943117420865904im, -0.0017416820838602842 - 0.00727262501399573im, 0.0017328399691360597 - 0.0009411287058126693im, 0.0032766379956241337 + 0.0019050931973913392im, 0.0010110771879329513 + 0.0005724392589448714im, -1.4366687119799661e-5 + 0.0003674786085467415im, -0.0010426421260397842 + 0.0005184837182925797im, 0.00044300601480301414 - 0.004922268041717506im, 0.00457183118298231 - 0.009350022544769862im, 0.0017358641561233362 - 0.0011626844575017463im, 0.00030572514473508293 + 0.001467127505365282im, -2.303114131539245e-5 - 0.00044419984213810057im, 0.0014658238798808346 - 0.0025064131575238046im, -0.04763519493368006 - 0.012698918734888933im, -0.0001127593579914929 - 0.005101607033928975im, 0.0011809901359046374 - 9.26749883575981e-5im, 0.0023371442736150067 + 0.0008294778107827556im, -8.846169552311068e-5 - 0.0015754720157544365im, 0.004884945612033011 + 0.008948341052378362im, -0.0023897147587385093 + 0.0015319893402838717im, -0.0007261485223133336 - 0.00222099939126778im, -0.007632328982459568 + 0.00169815585686877im, 0.00013510593641239392 + 6.537225265479126e-5im, 5.8680775022681734e-5 + 8.770339625709879e-5im, -0.0014084887624562245 - 0.0005557141693680499im, 0.001230089433784581 - 0.00046134741778601404im, 0.00023055672780186468 + 0.002811376358614643im, 0.0007429530318096701 - 0.002956433015297609im, 0.0007993056068726295 + 0.0032305373927379423im, 0.00024591508298528236 + 0.00010659733967861521im, -0.0012976787422971884 - 2.167712225947431e-5im, 0.0032569046004379616 - 0.0032058752088973456im, -0.0004188879456311715 - 0.000320971306099384im, -0.0008053561949143802 + 0.004059846825000775im, 0.0008551999107510157 - 0.0015430246101233202im, 0.0057392099793579935 - 0.002335978926828972im, 0.003587303712626934 + 0.0006119767449468551im, -0.00066609384759308 + 0.001036524243901861im, -2.584408448255665e-5 - 0.0006042375722733476im, -0.0017989321220493917 + 0.0005010831850471361im, -7.501985860380141e-5 + 0.0006191595323866149im, -0.0006429841574335756 - 0.0007581099576543509im, -0.0006956422951163785 - 0.0006810546383965423im, -0.00027527114636363915 - 0.0007962205558754872im, -0.0034546300718583593 - 0.0008031974985843419im, -3.487115320688437e-6 + 1.6481260141087315e-5im, -0.0008319586361593402 - 0.0014219553145265276im, 0.0011256055063280908 - 0.002139245614269001im, -0.008187296426947991 + 0.005335333788324937im, -0.0007313060699997793 + 0.00041059151042362863im, 0.0041017014903739855 - 0.001817089843832089im, -0.0009003831191889822 - 0.0003819114138363126im, -0.0020181726786199557 - 0.0022791071685726526im, -0.00022468482294640309 - 0.0002898277134591904im, -7.525347346099025e-5 - 5.460616719433296e-7im, -4.429913893114832e-5 + 0.0007302357048901329im, -0.0015089580410374292 + 0.0001645505189309179im, -0.00533897230139139 + 0.0010335676271439982im, -0.0006160113244884132 + 0.002265675615875807im, 0.0007314832807563997 - 0.0017645183076326824im, 0.0002494844784690858 + 0.00033467520381369654im, 0.0009545900000953842 + 0.0006338643157075618im, 0.013654202371415212 + 0.007035218241848889im, 0.11483291135669721 - 0.18451284705725382im, 0.059943210021207664 + 0.007598005277774438im, -0.0008545877454131925 - 0.0013622781474437887im, 0.007509385558662516 + 0.005980925816735458im, 0.00031827779299372033 + 0.0001405709956476406im, -0.03415812948253386 + 0.005389877270208898im, -0.12520507068833284 - 0.20300921628736027im, -0.006176330881867065 + 0.01544755438074925im, 0.002182628768582861 + 0.0009390159726831638im, 0.0008068041235585557 - 0.0005905857304507477im, -0.0019830506801298536 + 0.004124972176098754im, 0.0017320974031524656 - 0.0005759062020632971im, -0.001052467128047636 - 0.00048741757600536913im, -0.0032926628144843003 + 0.0047156018594850845im, -0.0004954470476995665 - 0.0010422963661627525im, -0.0018242514240535378 + 8.910450038626342e-5im, -0.00016605054578492062 + 0.0008339848102807716im, -0.024167073280703093 + 0.0037826053562914244im, 0.0005423515616072224 + 0.002448774144865871im, -0.0009761501565462171 - 0.008649293842418432im, -0.001912160746876974 - 0.0015290972552514468im, 0.0002603229151079322 + 0.0003626423052890733im, -0.0005691924906762766 + 0.0017495919407964971im, 0.0035692903672062304 + 0.004591816702314182im, 0.0036346211697080473 + 0.003075433570265737im, 6.353757166192595e-5 - 0.002067139156256884im, -0.0006745064723974067 - 0.00026655938993849624im, -0.0035615566181859022 + 0.001985552749329108im, 0.0014926073874750334 - 0.0003705870614956478im, 0.009373278488849971 - 0.01872273350921416im, -0.001314878325574822 + 0.0009238483499511282im, -0.00012999617601499073 + 1.4704852945646089e-5im, 0.0003644590314964572 - 8.70847663870352e-5im, 0.00025965362501022656 - 0.0007814529195542689im, -0.003676748218250816 + 0.000846058318284202im, 0.000899793241555865 - 0.0010328662265258895im, 0.00033334123558813745 + 0.0012058746250038829im, 0.0005963526301051153 - 0.0016881282387781278im, -0.00228282713043699 + 0.006024220514199714im, 0.0019084728100856256 - 0.0006201973910983478im, 0.0014518986337295854 - 0.0007917192996741622im, 0.00252552363703735 + 0.003202989575854943im, -0.018019581593414623 + 0.0258210218438284im, -0.004250236564771935 + 0.0003896121318918443im, -0.00387197168472915 - 0.0057710820596062066im, -0.0006984974305309165 + 0.00011848695128860254im, 0.0037527476606129357 + 0.0015006871285996716im, 0.0017250194650807883 + 0.009101703482929518im, -7.816194737272649e-5 - 0.0005194298077305653im, 0.00515075590866507 - 0.0033698911546081525im, 0.01644051397088914 + 0.012019889386883208im, -0.008267887775676658 + 0.01230959898370733im, -0.0018133269076024336 - 0.0013370477481669818im, -0.0008040342316777495 - 0.0010903763735280504im, -0.0034473697425203786 + 0.002900912155360665im, 0.0013722706218683076 + 0.003936731916654945im, -0.01815735594492899 + 0.045743437498815424im, -0.005063884941359229 - 0.004191947805116252im, -0.00030035074687971444 + 0.0007543442384546467im, -0.003282348802438146 + 0.0009607892893036793im, -0.0004215815754427595 + 0.0003347469899694227im, 0.0007751699225747353 + 0.0019335669634855763im, 0.023453218449478785 + 0.03983619524846699im, 0.00016602944538190903 - 0.00045143903644775344im, -0.0016388655944288913 + 0.001342763597298286im, 0.0013393396919400848 - 0.00121261731253183im, -0.08834786583501131 - 0.025210773901160864im, -0.0005867494088415074 - 0.02801481977790028im, 0.01325245492585771 + 0.012422727354371528im, -0.0008469510481731616 - 0.0070918439125200235im, 0.00026062855299590216 - 0.0001001411990142831im, -0.0023239175588436597 - 0.0017278759130280724im, 0.001794855840201233 + 0.0007607429701786097im, 0.010341796055717615 + 0.011811605824097508im, 0.0005876147825388977 - 0.0010701377845384354im, 0.0025157578258463388 - 0.0036932234604743204im, 0.0006798096765464288 + 9.859449277490543e-5im, 0.0016571044978093048 - 0.003054398819457041im, -0.006426423039103055 - 1.7018178284576906e-5im, 0.0003514708879746361 + 0.0003509128060618956im, 0.00042666942501186735 + 4.719024357303418e-5im, 0.00017094167828442318 - 0.00011275629351732164im, 0.00035592241989133345 + 0.00037289872015246997im, -0.003713175704018979 - 0.0030000519928668214im, 0.0007811028151027839 - 0.0005458653849523836im, 0.0005054355565365012 - 0.00016936832307177285im, -0.001133485369153446 - 0.002282737718879327im, -0.0009644531602073838 + 0.0007486810194148603im, -0.00025220057820676253 + 0.0017302391140843463im, -0.018968203003838793 - 0.0010173473412826287im, -0.007982820013672981 - 0.02788353960421206im, -0.05604165174689238 + 0.046549955938465636im, 0.001307898286011151 + 0.00013404441176593802im, -0.002917028199995618 - 0.010857417540316295im, 0.001293869652003187 + 0.0011450658737559552im, -0.0006957003918111488 - 0.0010428471097703536im, 0.0057746549080710235 + 0.007935112568186785im, 0.003124096359251019 + 0.01256723336547945im, -0.0006389604938096236 - 0.001092365377216199im, -0.0013539527797019769 - 0.0016084374174218207im, 0.0010464397605076743 - 0.003540731295997965im, 9.155689304411446e-5 - 0.00022866570610493013im, -0.008404295745521822 - 0.00704817249696203im, 1.994063844223012e-5 + 0.0012982892798932358im, -0.004554974317080538 + 0.001985433647697693im, -0.012309778567773747 - 0.009761590259528032im, -0.003501598335728792 - 0.009776535236978821im, -0.001285936510749355 - 0.0015532766388307744im, 0.0020035001233988134 + 0.000943400343752334im, -0.0001621772025764396 - 0.0007075663050617265im, 0.0009903710542710899 - 0.002944070650762647im, -0.003764901306651087 - 0.0022953322213483977im, -0.0033376928491762113 + 0.002762740207121625im, -0.0022182651205572535 + 0.0005997994431872224im, -0.003969804319035577 + 0.0004394515659053698im, -0.03220510164024335 - 0.03962943224113442im, -0.0008068433500464415 - 0.00014857677562073187im, 0.002911256673401821 + 0.00727555025934508im, -0.004248456235407849 + 0.0067070994457049254im, 0.0005336586909739155 - 0.0012206608222811676im, -0.0012777137341887929 + 0.0004303724004553451im, 0.004205340232218513 + 0.00150116796801902im, -0.0010035646076054462 - 0.0013547674922270829im, 0.00305464296627478 - 0.0014852866356566284im, -0.00423134688603625 - 0.0003055192587589442im, -0.00010306613196697952 + 0.00015279419498727517im, -0.00012306350806627934 + 0.0004525863512843239im, 0.0020167381719840838 + 0.0020501780542126445im, 0.00100463838477545 - 0.0004897470775828306im, -4.33175353233924e-5 + 0.0015768669059261153im, 0.0038215764168512798 - 0.0003484092877072832im, -0.0001670466637569422 - 1.1306838830809927e-5im, 0.0014145791217700788 + 0.0017249345098667515im, 0.0028027136392200567 + 0.0016795764463269905im, 0.0005021815116320891 - 0.00035368056886988895im, 0.0003347383074087686 + 0.0005221528411902567im, 6.62189767697819e-5 + 0.0005474221225861721im, 6.261946217557384e-5 - 0.0040772961198264936im, -0.0012535758922057232 - 5.731211417673438e-5im, -0.00161655405685503 - 0.0030537556522833276im, -0.010874931992230162 + 0.0002714099961579443im, 0.0010930903629554076 - 0.000960301262211717im, 0.0008243641010335345 - 0.002182710448685959im, 0.0009883375194902988 - 0.0008675767566430461im, 0.0013430734719744172 + 0.0035687746296252675im, -0.00031407187050507674 - 0.002162886303124904im, 0.00934170907434871 - 0.02720626949573572im, -0.0018017497256908946 - 0.0010018892938304252im, -0.0002640998615820605 + 0.0028879492256557674im, -0.0014486834164886518 - 0.0004030038100967727im, 0.0010731099275348 - 0.0012844210380970722im, 0.019219976284059515 + 0.01061905571261712im, 0.00016771532405669877 + 0.0004655026207209803im, -0.0010891652997845204 + 0.006068573780464527im, -0.009040267409646873 - 0.016065938835867825im, -0.002637819707741474 + 0.0008663745373431209im, -0.00036244754198755695 - 0.0006791237415647792im, -0.001995553523356988 - 0.00027146356461891884im, -0.0004331893655162298 + 0.0009606488125710173im, -0.0013613166547500354 + 0.0014744021742543255im, 0.0025549359278401545 + 0.0003499848175030456im, -0.0027124393088313573 + 0.006222967954352819im, -0.00021555233982292844 - 0.0001623405624284879im, -0.004420350860651158 - 0.005095282518917782im, 0.00024246247942440066 + 0.000915497098895413im, 0.00022421323697264096 - 2.525731529840611e-5im, -0.0005408819584518672 + 0.0015023972598024447im, 0.005045157084562489 + 0.001929523958206032im, -7.1058970503534416e-6 + 0.0036588916135284854im, 0.00016846840869805526 - 0.00022785340614461314im, -0.0009342842266159803 + 4.556217211047672e-5im, 0.0005298640667385049 + 0.0001019958487159988im, -0.005828877469754121 - 0.00483345513380322im, 0.0002553388660120137 - 0.00033120632070604827im, 0.000411032500766546 + 0.0004975998325809156im, 0.00024071468143969666 - 0.00020658452369175432im, -0.0008553823865184157 - 0.0037964321168002715im, 0.0004337063533407076 + 0.0013581658764902813im, -0.0021054173603370385 - 0.001102145443080168im, 0.0022685730957236784 + 0.003288612705415126im, 0.0011726080190591556 - 0.00021828573028163288im, 0.0006976506510593386 + 0.0008314161716049914im, 0.018690529145201456 - 0.011529255275880775im, 0.006373918392070141 + 0.0028443763405760617im, -0.00018652741707688846 + 0.0016168044191951472im, 0.011697592396039583 + 0.00033069676994567585im, 0.00023455595797907178 + 0.001125638913519251im, 0.0016435165812848788 - 6.103531622203597e-5im, 0.001071310961268848 - 0.007544825275278206im, 0.0032595640946628283 + 0.0033950194740815223im, -0.004078250673807942 - 0.010871376295936677im, -0.00016190802696571107 - 5.57253657942418e-5im, -0.0008327541927919832 - 0.00046059713772002834im, -0.005968538107755543 + 0.0006817325154044789im, -0.010485354828396028 - 0.013819082706306187im, -0.0005666270681649809 - 0.006540375687352222im, 0.004446237649960366 + 0.00361515188500849im, 0.0008660459416252439 - 0.0016337306295540845im, -0.0038993145495633463 + 0.0025058547441556816im, -0.0020928635383781484 + 0.0008421762604196223im, -0.01906356839015734 - 0.02050814655477675im, 7.841674013069314e-6 - 0.000933076807874693im, 0.003661731004203381 - 0.0030828721426306442im]","[0.34555572831253656, -0.14352486553743637, 0.110018590721792]","Any[-0.3950325411023062, -0.39116693424829385, -0.38337244761999234]"
