L,J,Q,θ,ϕx,ϕy,ϕz,ndims,T,χswave,χdwave,dχswave,dχdwave,Δswave,Δdwave
11,1.75,0.6180339887498949,0.4487989505128276,0.0,3.241592653589793,3.1315926535897933,3,0.001,7.5491977823027945,10.114714420114884,-7.037173077124597,-9.577672275870556,"[0.0046371580004273645, 0.0014899883997311133, 0.0001740582691445181, 0.00019239675063798513, 0.00015183970990998114, 0.0006768389915885921, 3.934897493834887e-5, 0.004978157704194531, 0.0031006487173511053, 0.027543249593193726, 0.0006445549232532036, 0.004880641459230331, 0.0006666034664112759, 5.170150136634842e-5, 0.0001242707027253046, 0.0004158158200939029, 0.0005681457273624435, 0.003988640620284266, 0.0004327103867849644, 0.001830980313886998, 0.054269111630737, 0.003572386591316794, 0.03812385791413349, 0.0013582281922000902, 0.00025446904922357905, 0.0003957156635826056, 0.0030191762209998865, 0.0001289701931365096, 0.0004016356983783464, 0.008123276515256303, 0.025586833491823082, 0.0002758353833656849, 0.09875794755950931, 0.0008306955700362199, 0.023408211418353538, 0.007227834702263159, 0.001240625157299339, 0.00010304926299075174, 0.0002525073721567183, 0.00025665259103879056, 0.0006972916473292822, 0.0009126390414299652, 0.05762836392207772, 0.001739151649127646, 0.00036994884825532003, 0.0005769950564192732, 0.0006651230352105458, 0.0002763678665970333, 0.001062515183227568, 0.00011424251687240221, 0.0005558296348885244, 0.00015127411950516937, 0.0004476095703166692, 0.01434825901271479, 0.0011366238604152772, 0.0006182122607171279, 0.0021407308497600813, 0.004246921531484567, 0.00021955743032655282, 0.002480637522556856, 0.0001918775602416369, 0.0028727386729601443, 0.00014369299027872312, 0.011483924890212353, 0.0004325825397684441, 0.00038116168582169607, 0.00012870668578649828, 0.0002504272262576106, 0.0001706406108571319, 0.0011515908824984403, 9.508155467653312e-5, 0.00015759389095420167, 0.002332382066038252, 0.00016629086380493238, 0.0023760548785935623, 8.3954907566696e-5, 4.623965829358509e-5, 0.00037337134657755783, 0.0011978486706160864, 8.338690044614328e-5, 0.00016058443888374298, 0.00010154619007686009, 0.00032437716736448207, 7.574241405244156e-5, 0.00015714644634155382, 0.00015938119848088846, 0.0011175949601426943, 0.00012266485560866918, 0.00017638128793889024, 3.053341487331223e-5, 0.00027300800577976516, 7.454725772939534e-5, 7.24541275441e-5, 5.2804252246618265e-5, 0.00018782399601005437, 9.312339322741997e-5, 4.0368040901490294e-5, 0.0006753322067888364, 0.00029637894717278804, 0.0004497761269170049, 0.00015383497270873167, 0.00013554769995930777, 8.017428588349026e-5, 3.5533863702806487e-5, 8.634229240726631e-5, 0.00013573066433210913, 0.00014768924085979305, 0.00010831158337814771, 0.00015791538427151612, 0.0017219951195532187, 0.00010343649395793875, 0.0007233590042734743, 0.00016690514557363964, 0.00031859051918730827, 1.6262212217609365e-5, 0.00028413643297502784, 0.00026364881274522, 0.0012173297279666655, 0.0005180283421365392, 0.0017365164206233567, 0.009646688606396444, 0.021342912488074833, 0.005037748633598236, 0.000395632927461152, 0.0001879308743626854, 0.0005631030341468862, 0.002904820711110934, 5.862613779438918e-5, 0.023039894973178137, 0.011860864117669389, 0.12531700815190838, 0.0015688685150305574, 0.01814232521193986, 0.0010102834568302107, 0.0001331552494682555, 0.0002649444451970884, 0.0012918667990622394, 0.0022748050255687493, 0.018627418138741546, 0.0009863759392681692, 0.006231540271670286, 0.25280361144227964, 0.013083777532685475, 0.17082824911125868, 0.00453645927494502, 0.000510792446281758, 0.0014946382287633303, 0.013936995299549188, 0.00027682931063210665, 0.0011149003008824477, 0.03607873751904571, 0.11933497217974189, 0.0005671058091320686, 0.4608411071047734, 0.001583133488374497, 0.10918458541754454, 0.03240846170231353, 0.005136511647545943, 0.00028704312997737983, 0.001116172198509561, 0.00010224245321969364, 0.0020480172386445118, 0.0029647724365968317, 0.26973721328112754, 0.005267227446485602, 0.0013808582234257755, 0.0022907864687744086, 0.0020421756022600338, 0.0008047546245634961, 0.0045939072328850545, 6.519755976154954e-5, 0.001699903471770217, 0.00046147609987535316, 0.0005148152831623569, 0.06234254748775968, 0.0028235889352375585, 0.001828490722397375, 0.009535858996677821, 0.019734036749178768, 0.0008580560998335008, 0.011728686765027682, 0.0003659215401663696, 0.013163340358098328, 0.0005028884112270699, 0.053527311078274346, 0.0009268433809583695, 0.00017841671592217824, 0.00013003221878063839, 0.0006068613246154712, 0.000412360218921485, 0.005375583636105654, 0.00012748249877064438, 0.00038334493850762305, 0.010739429689545634, 0.0004934499143174256, 0.010473222527501993, 8.708797001271833e-5, 0.0001221722456763247, 0.0012401900753576847, 0.005718794988776023, 0.00017877799865666162, 0.0005301600319052274, 0.00011959013414045025, 0.001486494543631196, 0.00025715163606986237, 0.00037718836388147224, 0.0004127973034000477, 0.0051419078017119636, 0.00034662127387267966, 0.0008625654457601268, 8.636380750378907e-5, 0.0012601099636576306, 0.0001545577520725382, 5.820358346032454e-5, 3.6777240981344096e-5, 0.0009168621325934004, 0.00016581588634026977, 5.008954376246487e-5, 0.0028338348688516004, 0.0005103279354872947, 0.0015129981249050876, 0.0007397928663076228, 9.704366303368348e-5, 0.00012880983251521374, 0.00013963028852743726, 0.00014678301882462962, 0.00012804008370514966, 0.0003707491716992092, 0.00040346593472366673, 9.096933903227666e-5, 0.007583503896007563, 0.00022069217082889374, 0.0025508078447165597, 0.00017850178277670044, 0.0014660472493290002, 1.650432847216595e-5, 0.00125484413886074, 0.0009856855338088919, 0.004152962465931369, 0.0008415848916322697, 0.006271644203338321, 0.04520209707967753, 0.0020486729530962058, 0.000567001500882578, 0.00012654573451438832, 5.761296712915083e-5, 9.976004703156506e-5, 0.0003165413164161002, 2.2511818743626866e-5, 0.0022149507527705215, 0.001334738206668235, 0.012162430395069408, 0.0002980177973761308, 0.0019487236971420503, 0.0002932178494895172, 2.179722543308004e-5, 7.532497506457755e-5, 0.0002616132277325126, 0.0002700812558968394, 0.0017790171656523505, 0.0002010793399868704, 0.0007445838706138452, 0.024096222921579195, 0.0014752007500310365, 0.01668951228954357, 0.000620318666650724, 0.00013465512431830952, 0.00018829759721488952, 0.0013753967981924285, 6.131383388261145e-5, 0.00016895846774043946, 0.0035448047887839456, 0.011336610701840994, 0.00016219036093359886, 0.044004533870398675, 0.00038951401246092133, 0.010435396391050813, 0.003213328055440937, 0.000653431176241226, 5.7317846823614534e-5, 0.00011295016483271727, 9.349114879131026e-5, 0.0003131776977505154, 0.0003923758565053857, 0.025628390095835403, 0.0007027538424160626, 0.00015469067439854525, 0.0002679556515744641, 0.00029988027163199227, 0.00015621517648727647, 0.0004806447226798569, 8.103233326525599e-5, 0.00019797851437693974, 6.145751816834133e-5, 0.00020247810041405768, 0.006155294010912624, 0.00044100939786403487, 0.0002300423931432591, 0.000943861667429289, 0.0019019676668223873, 9.820547631989684e-5, 0.0011523680236880335, 9.552794344407648e-5, 0.0012916401519307383, 7.161424865645777e-5, 0.005112422252092978, 0.00018349353067823122, 0.00011277226704124269, 9.390706391931278e-5, 0.00012117738503897349, 8.342353605416688e-5, 0.0005162380673355174, 3.2797780902402215e-5, 8.477766424452408e-5, 0.001055763527595122, 9.890380094209773e-5, 0.0010678918647505117, 4.57578984254127e-5, 1.881653512422597e-5, 0.00014714112384270057, 0.0005703340868237311, 4.1898209011803326e-5, 9.214470402887694e-5, 4.679878697469796e-5, 0.00014550736299197335, 3.6347240373193913e-5, 8.618082542695639e-5, 0.00010292703425483657, 0.0005182190781426953, 6.908727585032313e-5, 0.00012604846925507043, 1.5285653453791325e-5, 0.0001290569096258336, 4.015586177260531e-5, 2.8267608678820615e-5, 2.6137519208772812e-5, 0.00011718153845231898, 4.418423661750794e-5, 2.8703533366183274e-5, 0.0003074239255036134, 0.00015923415451357952, 0.0001994698559169433, 9.253303313800714e-5, 5.637313897822072e-5, 4.325753512292406e-5, 2.0992164163348393e-5, 6.167524173399511e-5, 0.000106376000112704, 9.830862324388026e-5, 4.7012644487417417e-5, 8.029720163297703e-5, 0.0007814425387210226, 4.619365761865097e-5, 0.00027965566964099925, 0.0001308240359306629, 0.00015902924645814744, 8.22907671844017e-6, 0.00014766313166989357, 0.00012981109027163792, 0.00046610631434702024, 0.00025273479780051143, 0.0007479231389849654, 0.004316029347803204, 0.0010584599415429943, 0.0005964729811280096, 0.00011033458362658715, 0.00020152592640055222, 0.0002468204717590494, 0.0002640044238463811, 3.815399903674995e-5, 0.0011639629389918241, 0.0010724373157951512, 0.006189466536565701, 0.00020767151244273789, 0.0013792500366531608, 0.0003026645486609237, 3.032907562964726e-5, 0.00010286604078100099, 0.0005611527579284718, 0.0002258429817976597, 0.0008880225229169877, 0.00015631930945910003, 0.0006195675880690475, 0.011863589418287563, 0.0010138897560892047, 0.008743233512972185, 0.000708134491971142, 0.00012319331350694286, 0.00021817428296756915, 0.0008227276673228166, 7.591250239934435e-5, 0.0002489902885931024, 0.0018812836075994353, 0.0055949514177781046, 8.441720149241173e-5, 0.021655213425910726, 0.0003165949097139178, 0.005154726645631557, 0.0017323909460404715, 0.0006937490623021435, 7.14249450462261e-5, 7.35748318413953e-5, 0.00018981415596758646, 0.0003564369170096997, 0.0003522459453601241, 0.012556629145556643, 0.0006251185753187218, 0.0001216533072625037, 0.00015077036495006615, 0.0003707732483251939, 0.00033480300519663457, 0.00033021223477008264, 0.00011072777386490273, 0.0002271137544246284, 7.629049713928055e-5, 0.0002143321509791308, 0.003441527030050177, 0.00048034684266384873, 0.0002875337975121011, 0.0005631279174374019, 0.0009867397156621176, 6.805395761450223e-5, 0.000673705529838072, 0.00017264709618370594, 0.0007315671388069183, 5.816310906338685e-5, 0.0025335075386015127, 0.0003264542972240373, 0.0002494396186501104, 8.99464860246456e-5, 0.00018107997453786716, 9.973454115964458e-5, 0.0002735424604664951, 6.308147936682957e-5, 0.00010337297681113614, 0.0005874045996711968, 0.00021107000408376205, 0.0006365159131078345, 5.0226489063656634e-5, 3.0736354902469614e-5, 0.00014256707261461847, 0.0003518056771728686, 4.8093402665490905e-5, 0.00010254687217786586, 7.831865970015302e-5, 8.54101636222887e-5, 3.3594735757505286e-5, 0.00020764988701191343, 0.00023038027496674767, 0.0003380137817198858, 7.686442235645388e-5, 0.00021717422453948007, 2.0676993995174496e-5, 9.310523533772344e-5, 6.268396303741262e-5, 6.943016567616238e-5, 3.6719708339602467e-5, 0.0001891513164229968, 0.00011076156111180855, 4.211671451878086e-5, 0.00026243448628567457, 0.00036573778416311876, 0.0001961296094229904, 0.00010657166199108354, 0.0001754381269184134, 4.06169755021367e-5, 3.2841076886377384e-5, 0.0001514117499304169, 0.00032032454852610396, 7.486918274744396e-5, 4.482117626856298e-5, 0.00011488063935468882, 0.0004396542705460483, 5.2428932323199715e-5, 0.0003109084133697481, 0.00032231753334430874, 0.00014478552943092039, 1.5275066719473837e-5, 0.0001612604448121761, 0.0002396724516378454, 0.0005187936584002769, 0.0002663393070142697, 0.0007112588414338666, 0.0021348042597960325, 0.0006384151506443855, 0.00027525151246757273, 5.370390300667831e-5, 0.00012468242728874828, 0.00038619510603548474, 0.0001915829501216654, 2.09147379131593e-5, 0.0007165674061636941, 0.0005720600305221181, 0.0036145580848568216, 0.00010602008227992025, 0.0007430598150947244, 0.00015522100801791398, 2.0023617846378014e-5, 5.0596097029205384e-5, 0.0003088650650979858, 0.00013680979535109385, 0.0005441361420438, 7.771774202669114e-5, 0.00030965725397901893, 0.00686963985102017, 0.0005522513213988767, 0.005067303621174449, 0.0004357649482750915, 6.59628620692196e-5, 0.0001929567435983166, 0.000526483531433412, 4.158876601553094e-5, 0.00013414400471273101, 0.0010850806145120736, 0.003224485166474052, 3.494334999013894e-5, 0.012453121731500675, 0.0001476729003132058, 0.0030449473441756768, 0.001027801112734014, 0.0004497948160471369, 3.6043343367007184e-5, 4.495557094925166e-5, 9.953902292758444e-5, 0.00017313971866890983, 0.00017236408849658952, 0.007266102694996658, 0.00031452736729655, 8.309315781582452e-5, 8.622731120709616e-5, 0.00025264974461171834, 0.0002866913766315888, 0.00019941454246235067, 5.320116433018661e-5, 0.00011703699612469825, 4.581634723156588e-5, 9.72548403868165e-5, 0.001967046561471348, 0.0002290356611866456, 0.00014123779308410764, 0.0004008516214483565, 0.0006282615175477732, 3.814208698524485e-5, 0.0005601302505560479, 0.0001302609169345908, 0.0005031834883287391, 2.9579197276618085e-5, 0.001499257198949862, 0.0002151940783339262, 0.0001341869496627101, 4.980242558808473e-5, 0.00012220938268506787, 5.07969765107453e-5, 0.00017348870948511908, 4.694706677121108e-5, 5.3341794103931974e-5, 0.000385072077419924, 0.00019655280968377422, 0.0003794430653360987, 2.550210201576151e-5, 2.218787321756775e-5, 9.602434913387532e-5, 0.00028478380856609596, 2.8038080757818637e-5, 5.438678357954331e-5, 4.585454430546412e-5, 5.87731245123566e-5, 1.9793269257747045e-5, 0.00020793195486936976, 0.00014887177675818267, 0.00024811026269273937, 3.8458156590391834e-5, 0.0002884391045289557, 1.0471346327275028e-5, 6.551423310062438e-5, 3.696774251616479e-5, 4.802632874603836e-5, 2.9249176614573275e-5, 0.0002625191010336438, 0.0001054167424065947, 2.242338278167912e-5, 0.00017218826253890458, 0.0002508690671386284, 0.00012930299382714572, 0.00013622013879005935, 9.306054856500594e-5, 2.551574030242394e-5, 3.173279895183589e-5, 7.844233046599446e-5, 0.00015904908202875345, 3.7979365359795115e-5, 2.7843833604215747e-5, 5.535628414605803e-5, 0.00025985718121824224, 3.067773642419286e-5, 0.00023101119935089925, 0.00015127524122293063, 0.00018945074558503647, 9.295523349769886e-6, 0.00021037965647016256, 0.00037271860912876676, 0.0002462487077722262, 0.00013509999218504673, 0.00039215417339564173, 0.0012658904977693691, 2.93255572821869e-5, 6.65077989480512e-5, 7.986532558744232e-5, 3.7991446314139424e-5, 8.884867140822818e-5, 3.975528349857568e-5, 8.22430126125897e-6, 3.55527708768055e-5, 0.00011799422180948915, 0.00011972818545903018, 3.505222476193758e-5, 0.00012080410928395811, 8.27001304767019e-5, 5.2419166821367525e-6, 4.135560905833254e-5, 0.00010644633351456211, 2.6495782265668718e-5, 2.1275524021353947e-5, 4.23786729265826e-5, 5.4231739966677636e-5, 0.00015637410841879432, 6.314346842670251e-5, 0.0001969502525852229, 0.00010862914130339827, 3.5138989357815455e-5, 4.154206467877724e-5, 5.6618073818443436e-5, 2.133114596636771e-5, 3.5424989447209066e-5, 4.681574798300503e-5, 7.229785719396195e-5, 1.5913129334223847e-5, 0.0002892704660820754, 6.466756103297943e-5, 9.329558948719425e-5, 7.615690736948821e-5, 8.38792498045863e-5, 1.4359659256491302e-5, 4.225709933760493e-6, 4.2618824163561816e-5, 7.526258565844166e-5, 4.915270858872942e-5, 0.00015143545886133757, 7.726573472822134e-5, 1.5325260201516976e-5, 1.3136338209676615e-5, 5.658057906500631e-5, 6.624796661047278e-5, 3.239295386913173e-5, 3.261226262452293e-5, 1.8012063342359156e-5, 1.05744317539363e-5, 4.070752196558896e-5, 8.919611542999138e-5, 9.301275227766053e-5, 3.189226104888564e-5, 3.167367905797841e-5, 3.277698923610668e-5, 6.124603712412163e-6, 6.387757493775974e-5, 3.387413091669827e-5, 3.932488657295239e-5, 7.447182986382041e-6, 4.2816695846905695e-5, 5.5506779165269285e-5, 4.8818889677772547e-5, 5.0275464358768264e-5, 3.76482232184466e-5, 1.96717772685661e-5, 1.074324909305135e-5, 1.2348387218712136e-5, 2.0571719614955962e-5, 3.276048825393297e-5, 5.870412647683535e-5, 3.4647541747895725e-5, 1.5012304041052539e-5, 3.943615780087284e-6, 1.8070032934376233e-5, 3.448250447642087e-5, 1.4972513804140537e-5, 2.9044608128477095e-5, 1.7004815509322664e-5, 5.86191488869896e-6, 4.310570021219431e-6, 5.230302122135674e-5, 5.008213812983075e-5, 3.153332967454878e-5, 2.5097099452102268e-5, 6.480151944629863e-5, 3.778930635804e-6, 1.0829664016133396e-5, 1.3772317994766474e-5, 1.4634544039419787e-5, 2.054489704939352e-5, 7.061452334132871e-5, 2.7830889661300392e-5, 1.769520492183323e-5, 2.8576295486911464e-5, 7.2068511665243e-5, 2.3119862708843382e-5, 2.779733496329696e-5, 2.4383618368714303e-5, 2.7657510576840457e-5, 8.848277131940964e-6, 3.465220737206559e-5, 7.70034121569309e-5, 5.125409552648287e-5, 5.564079419711405e-6, 4.102480194748796e-5, 3.1468893027568876e-5, 1.1634429960019742e-5, 3.334819499790128e-5, 7.906210480227695e-5, 4.1941154256052705e-5, 3.341944446938936e-6, 4.2774102620659035e-5, 8.206743232369438e-5, 5.042767065405273e-5, 0.00010230218184175721, 9.260643138003544e-5, 3.740526276379282e-5, 0.000795163130408383, 0.0003066161420085719, 5.54836026736749e-5, 0.00011975363386602253, 0.0004051489095505259, 0.0002134858287774564, 2.099521529846371e-5, 0.0008861179683567247, 0.0006545698947670148, 0.0045545437056625695, 0.0001188794405702476, 0.0008717683586506144, 0.00016289823461544445, 2.1031148811307433e-5, 5.147480687544883e-5, 0.00030952209875900966, 0.00015407773115627858, 0.0006805075451943989, 8.470714350504171e-5, 0.0003526636725239289, 0.008733489579066854, 0.0006522456678348103, 0.006346940727549429, 0.0004671681269844704, 6.667932530160788e-5, 0.00020636240214052298, 0.0006237320469745575, 4.1776699092296335e-5, 0.00013949668009031254, 0.001354529680452518, 0.004100433231500083, 3.773704809415625e-5, 0.0158741471823825, 0.0001577381780394032, 0.003864069670056597, 0.0012627979300838961, 0.0004903945854514464, 3.738540569270035e-5, 5.3418538162610425e-5, 9.912905419901404e-5, 0.00018270318668892847, 0.00019013895042898016, 0.009255567309067578, 0.0003498792494342623, 9.294655994028172e-5, 0.00010343966129233142, 0.0002631783788508354, 0.0002952407638406841, 0.00023182050296752547, 5.356031440621431e-5, 0.00012890413493277746, 4.829612945118115e-5, 0.00010072257285608207, 0.0024383659706377647, 0.00024719969541764304, 0.00015241717388204485, 0.0004726771957467064, 0.0007722355673442494, 4.410753338172565e-5, 0.0006411900793084858, 0.00013764070278241564, 0.0006043138030914625, 3.26691288879476e-5, 0.0018948855930140862, 0.0002215135172556916, 0.0001345039363985218, 5.110721320446948e-5, 0.00012398462387452848, 5.2625638666441454e-5, 0.000211935819704516, 4.770716591276362e-5, 5.55768994958973e-5, 0.00046216631685514365, 0.00020229362085909234, 0.0004585952124641123, 2.575193752295099e-5, 2.330566738806792e-5, 0.00010437771087196801, 0.00032590963058961957, 2.8762294124973515e-5, 5.6092665882849813e-5, 4.671792109637898e-5, 7.056318612734025e-5, 2.1734266001573252e-5, 0.00021151366547697225, 0.00014754767281133766, 0.0002855180600882715, 3.986725529553077e-5, 0.0002953951778660208, 1.0762019126604536e-5, 7.372696833095701e-5, 3.794584734759849e-5, 4.73126381578564e-5, 2.9657954003519795e-5, 0.00027633288325603787, 0.0001063391797318672, 2.1984804350710127e-5, 0.0001942078840673901, 0.00025218845100062116, 0.00014228664251979793, 0.0001430724352486602, 9.142528537717953e-5, 2.6058983100064243e-5, 3.307142197569333e-5, 7.567835404857675e-5, 0.0001503680692222426, 4.022987759609674e-5, 3.084306449801547e-5, 5.5192719781652856e-5, 0.0003163410498792161, 3.25858499595651e-5, 0.0002504143038937927, 0.00014577947084298826, 0.00020497311816906772, 9.377236689334427e-6, 0.00022520043689645394, 0.0003942238521235962, 0.0002698062840833178, 0.00014100053584381107, 0.0004345647502917295, 0.0016023118776967015, 0.001186858345284158, 0.0006333962497280818, 0.00011442648155918175, 0.00019666553737827342, 0.0002518141463781483, 0.0002795473838816541, 3.906493236040715e-5, 0.0012961287680174263, 0.0011479141811841134, 0.00695410472443382, 0.00022716672414775657, 0.0015027177325473507, 0.0003239923004714743, 3.190142554660407e-5, 0.00010538553443564536, 0.0005458760569766245, 0.00024403651501312779, 0.0009963060084091963, 0.0001670395022813023, 0.0006662490214364137, 0.013356881202991756, 0.0011243347091771008, 0.0098086216771298, 0.0007370798553248002, 0.00012681588322668435, 0.00023020099712023692, 0.0009008390189179558, 7.744628525373347e-5, 0.00025595105713204966, 0.002107665735360847, 0.006299648271083797, 8.885838102743505e-5, 0.024336411540911384, 0.0003385292499596794, 0.0057973488522604045, 0.0019236856837585067, 0.0007178133266372273, 7.400254819511813e-5, 8.062361993688365e-5, 0.00019850465839704382, 0.00036462297598632, 0.000375465330383349, 0.014141511680041702, 0.0006727388970218118, 0.00013124508099398582, 0.0001674434330032148, 0.00039549616503310904, 0.0003307495709853643, 0.0003547198384802263, 0.00011498243171686753, 0.0002435862531342411, 7.876373611260275e-5, 0.00022741434100138666, 0.003839547405499342, 0.0005011558842562626, 0.00029989164398674223, 0.0006237260235302391, 0.001103431253688941, 7.399102226794024e-5, 0.0007361181260230878, 0.00018252065781976517, 0.0008094454629525158, 6.149971394507189e-5, 0.00284738554662624, 0.0003369057727614204, 0.00025996550424908056, 9.628425778896626e-5, 0.00018736573569120773, 0.00010455800371109385, 0.000304071193783652, 6.673907257156849e-5, 0.00010881354489454132, 0.0006485472975250048, 0.00021322013751655852, 0.0007040363278018391, 5.1698681136664167e-5, 3.2618099469426394e-5, 0.00015276862803563843, 0.0003795996445476541, 5.006862895500782e-5, 0.00010600362172285677, 8.294209368713382e-5, 9.460275519724407e-5, 3.6187485719181616e-5, 0.00020951938260270125, 0.0002293261986843807, 0.0003660122527269756, 7.952612708997679e-5, 0.00021504916310743653, 2.112225250700433e-5, 9.879378488677424e-5, 6.480450091149037e-5, 7.158333582902462e-5, 3.866289928691299e-5, 0.00019048456392876183, 0.00011281691845206025, 4.236216188536822e-5, 0.00028239578443887416, 0.00037742536269257034, 0.00021259423413440894, 0.00011067456482897549, 0.00017840706757249136, 4.184683395401468e-5, 3.317977860662697e-5, 0.00015065632525686752, 0.00031089744515128836, 7.926365772855217e-5, 4.797249326819707e-5, 0.00011937069015939294, 0.0004854514080753938, 5.628105998137736e-5, 0.0003332243753145858, 0.00032036410347159903, 0.00015444307909960603, 1.603726566554118e-5, 0.0001711326942402843, 0.0002488650956447429, 0.0005406569166459046, 0.00028192172423720035, 0.0007571762733793144, 0.0024013055542105905, 0.0022589697219972784, 0.0006178298425407769, 0.00013163974875093147, 5.900136892203887e-5, 0.00010313276453784749, 0.0003448832244672864, 2.3959356339981586e-5, 0.0024374942202152966, 0.0014607978323621538, 0.01340798636145875, 0.0003249278920366234, 0.002143220233686437, 0.0003144554905515907, 2.364006145846042e-5, 7.896983012160272e-5, 0.00026851466614683433, 0.0002958208939063992, 0.001959525543940601, 0.00021723051394121766, 0.0008173032691126937, 0.026575452969879353, 0.0016277355517568747, 0.018399277886446814, 0.0006706396207886763, 0.00014458602546940432, 0.000204395662263038, 0.0015090506454793567, 6.530779867334015e-5, 0.0001829055314475042, 0.003909871340352992, 0.012505976539386768, 0.0001760144308221456, 0.04850632603215823, 0.00042292969426692775, 0.011504902236378529, 0.0035343478486257567, 0.0006994619419085731, 6.171298889904136e-5, 0.00012405158546611292, 9.961828072146015e-5, 0.0003365010208634915, 0.0004290892641693395, 0.02826648067934559, 0.0007728389662799727, 0.00017031577273827808, 0.0002943130263574286, 0.0003267523915499086, 0.00016131788604853499, 0.00052519704739461, 8.661384442302526e-5, 0.00021719474948311883, 6.689134658103534e-5, 0.00022002268489697366, 0.0067846870989337876, 0.000477055058199269, 0.00024962886547570456, 0.0010365607519246067, 0.0020926589331929793, 0.0001076418534456084, 0.0012586178062408337, 0.0001029058538679813, 0.0014161821055252153, 7.81160345834419e-5, 0.005635111167253599, 0.00019815919607060905, 0.00012079434408368282, 9.959332359652197e-5, 0.00012965139732364973, 9.03170841548316e-5, 0.000567494405615462, 3.5323206138151735e-5, 9.171746404294649e-5, 0.0011589910244653963, 0.00010389072886516017, 0.001175322372342923, 4.833074587519153e-5, 2.0588989357886947e-5, 0.00016106545747648313, 0.0006191490340258692, 4.454914434978557e-5, 9.883708193625643e-5, 5.045909015820564e-5, 0.00016011895988741006, 3.970184462224279e-5, 8.959994092754833e-5, 0.00010582388777546107, 0.0005653779908624361, 7.312970401623332e-5, 0.00012542045247362896, 1.63059301088988e-5, 0.00014018209295588063, 4.255374225644436e-5, 3.014163541442011e-5, 2.734115927309445e-5, 0.00012286175160978216, 4.613349783170977e-5, 2.960354352472894e-5, 0.0003363199727110521, 0.00016571824005925186, 0.00021709658665949552, 9.733900234327339e-5, 6.002889474516693e-5, 4.506846968974769e-5, 2.2138140423393664e-5, 6.381816084907641e-5, 0.00010713079872551391, 0.00010349213863246525, 5.138946219943749e-5, 8.410760445780992e-5, 0.0008575029430302872, 4.997000448797348e-5, 0.000303511255804939, 0.00013399294646252653, 0.00017228080089060662, 8.762195434527452e-6, 0.0001594984079796704, 0.0001378575214158688, 0.0005085465922529006, 0.0002691957549713577, 0.0008151967993805387, 0.004757354054237013, 0.02313658562160817, 0.00545170986167982, 0.0004269546517536362, 0.00019338218597664432, 0.0005693353508407922, 0.003141486092760449, 6.257297757633276e-5, 0.024974076724813856, 0.012842534715218665, 0.13586034100780192, 0.001695288322323896, 0.01962413017479199, 0.001082722655653507, 0.00014389457163275392, 0.00028590925352290025, 0.0013706713498464564, 0.0024642447134691206, 0.020191003674377584, 0.0010646454104033527, 0.006750970838540496, 0.27424797574325455, 0.014179067753532525, 0.18514109844268128, 0.0048887172437738205, 0.0005498535978299223, 0.0016122939804621415, 0.015068033078955946, 0.00029650062531364505, 0.0012020391344147738, 0.0391177786167527, 0.12947692840990438, 0.0006148865840208946, 0.49993675604057664, 0.0017061401823669537, 0.11846746759646415, 0.03508915832869578, 0.005506328318731617, 0.00031004909909623215, 0.0012089620996208429, 0.00010446794006653186, 0.0022144460157754067, 0.0032140122399144043, 0.2926353285602967, 0.005710734463803169, 0.0015011504063343842, 0.0024832427705984215, 0.0021925327296330364, 0.0008356747057744954, 0.004971932317730825, 6.861447911898745e-5, 0.0018343816489030957, 0.000500311608326815, 0.0005521093445403703, 0.06758014813345053, 0.0030480706749121283, 0.0019746861841233657, 0.010304368348991356, 0.02136050843891611, 0.0009287115205277742, 0.012628722143129, 0.00038876838732121005, 0.014224029997348349, 0.0005445621522706977, 0.05805571539169689, 0.0009924105520122684, 0.00018350187688344013, 0.0001388976261475209, 0.000644027179757601, 0.00044501681067244433, 0.005816603274137444, 0.00013376634204961685, 0.0004137215176608319, 0.011615135265388097, 0.0005232426665589629, 0.01134364640398011, 9.295822333411048e-5, 0.0001316821989651319, 0.0013385910288256902, 0.006138383900381736, 0.00019077482987292922, 0.0005720731541680418, 0.00012704860589480906, 0.0016107304933028414, 0.0002781679911459454, 0.0003855280509880197, 0.0004242118872238809, 0.0055411739505636486, 0.0003741916943373707, 0.0008419486816679, 9.343938827940847e-5, 0.0013554539656547575, 0.00016408657526941793, 6.030414015676037e-5, 3.7986717807566606e-5, 0.0009664385529166158, 0.00017056457138967326, 5.317324916884104e-5, 0.003059506606460188, 0.0005077951606300749, 0.0016281660281667698, 0.0007711678952817173, 9.989726988287532e-5, 0.00013766127035633652, 0.00014812696965276222, 0.00015562067429207124, 0.0001296519537620044, 0.0004002549939693361, 0.0004368641244709178, 9.545806421227774e-5, 0.008214752396855173, 0.0002384259806400321, 0.0027270107950030874, 0.0001849555599076805, 0.0015711846562520236, 1.757665121130594e-5, 0.001338826710774835, 0.0010307649819674776, 0.004492292716165979, 0.0009046763070777508, 0.006783976836961509, 0.04902032241010688, 0.00476265516095692, 0.0015046387137694817, 0.00017633938562898645, 0.00018755811500552406, 0.000149456336641666, 0.0006927509734215123, 3.9580193653140667e-5, 0.005113149092944216, 0.0031666269463655273, 0.0282880158082318, 0.0006572302725930556, 0.004973620154113018, 0.0006686960468694112, 5.239050207085582e-5, 0.0001251621151560526, 0.0004174852322485887, 0.0005809481818607806, 0.0040975618088909815, 0.00043886879949114, 0.001865180064036137, 0.055776090765338966, 0.003650264221963355, 0.03913701739609664, 0.0013793154178636275, 0.0002587513920198142, 0.00040306842022771756, 0.003094722649582075, 0.00012948747530444745, 0.000404976124478507, 0.008339144830217823, 0.026295595585668793, 0.0002849012008477203, 0.10151549291721886, 0.0008471272535890833, 0.024063426223715458, 0.007417406606039491, 0.0012647657199995996, 0.00010433572041948173, 0.0002587057156781315, 0.00025129801140125164, 0.0007070679476686817, 0.0009303913616225125, 0.0592312202740033, 0.001774439528078987, 0.00037914637245391, 0.0005919660074591126, 0.0006714165698390629, 0.00027489276688018815, 0.0010882612734397557, 0.00011451791495018567, 0.0005590578734604873, 0.0001541164949580298, 0.0004526281921320486, 0.01472051343893287, 0.001148972390311415, 0.0006225641267362665, 0.002190316541416646, 0.004358734323543774, 0.00022428421342335605, 0.002539503966810163, 0.00019210260032411446, 0.0029455222730148966, 0.00014713548184155172, 0.011802022128325223, 0.00043401448223481944, 0.00037391880802113215, 0.0001298681797546041, 0.0002507729720286653, 0.0001719542535130349, 0.001181555675017311, 9.349291348528742e-5, 0.00015920680790418692, 0.002392525100147316, 0.00016718554718208779, 0.002437655704245342, 8.447731814426768e-5, 4.648941268586689e-5, 0.0003778350748496828, 0.001224845412802293, 8.32900497926544e-5, 0.0001629444911945159, 0.00010078383794183404, 0.00033285892996996096, 7.702746555479309e-5, 0.00015507207530119813, 0.00015703665178036643, 0.0011435796504138704, 0.00012417583863632404, 0.00017013545403641678, 3.0861939697308093e-5, 0.0002790659686288183, 7.458512982586812e-5, 7.108077002151556e-5, 5.2059126317372724e-5, 0.0001896558523939416, 9.137452988694854e-5, 4.030846965607489e-5, 0.0006895870006401713, 0.00028974645968981243, 0.00045643676477711474, 0.0001546152998880159, 0.00013293692451102045, 8.009185072249763e-5, 3.590272692287119e-5, 8.548556858846707e-5, 0.0001332700796029688, 0.00014926068672971649, 0.00011041553905162439, 0.00015704778512936018, 0.0017676284714909674, 0.00010440961999803179, 0.0007268413195034445, 0.00016515735257241192, 0.00032485565794592895, 1.6110411203034632e-5, 0.0002890446196866842, 0.0002634354709861014, 0.0012308545807964144, 0.0005223396233993925, 0.0017656808939021168, 0.00991404690092699]","[-0.0014398726042755292, -0.0025409500178660994, -0.00024619649788835783, -9.099909967749539e-6, -3.30999649543348e-5, -0.00015525891471358618, -3.329166357233306e-5, 0.00010267611200675458, 0.004095636922280572, -0.00960396358231046, -0.002905922986659117, -0.004104558956762069, -0.001037434150656579, -4.5553147563052424e-5, 2.8405958788360277e-5, -0.00012387398649559082, 0.0003970879711460536, -0.0016690370984771559, 0.0009548877357228605, 0.0007158291322951142, -0.009651501109591837, 0.01306610705628531, -0.07417007354555968, -0.006417092526113352, 0.0003566496851936662, 0.00012082141944346138, -0.0010778743324868093, -0.00044375190773900943, -5.796859698854508e-5, -0.0015528199754935843, -0.01710112262267596, -9.146361810177063e-5, -1.897457069259783e-5, -0.00034936631618850196, 0.0027044336155981567, -0.015543672607985653, -0.0032366869182468582, 0.0002652758035959779, 0.00013580333603400614, -4.509478823898153e-5, -4.8082554510935654e-5, 0.0004618242175955018, -0.006437725000468637, 0.007026816796672519, 0.0002938351086322467, 0.00039167961686968703, -0.000539233015896885, -0.0002355830414666828, 7.000134414492188e-5, 9.041699140459276e-5, 5.0415662142211855e-6, -0.00017300335475325007, -0.00018841631032434953, -0.0005548770217457197, -0.002845665607153304, 0.00018708338763514083, -0.001126105635041473, -0.0035584271383564416, -0.0010131392467093328, -0.0007724564159013788, 0.0003352407263789161, -0.0004023004952634272, 0.0006243909858889048, -0.0012170777294386145, 0.00044827453538297745, 4.271692899926315e-5, -3.4399303098723976e-5, -8.712896699422648e-5, -0.0001231825459494971, 0.0003440699653993742, 0.00011180296652598824, 5.6051136526488454e-5, -0.00048143657761622895, 0.000301772114048656, -0.0003175284129429868, -0.00010063478071861317, -1.9758241717599942e-5, -0.00014231348657967914, -0.000657433123558258, -0.00023011303651609331, -7.066912446677467e-5, 4.9441424694538404e-5, -0.00010589908493336168, 0.0001455228913244927, 3.151795027647101e-5, -3.9911781578345566e-5, 0.00020544104045469764, -0.0003227889267078202, -2.5849439248475096e-5, 1.857751590368879e-5, 7.10554944788799e-5, -0.00010093710316916483, -2.5339307325894265e-5, 2.5429076339799496e-5, 1.4720956759287982e-5, -4.8474557041776194e-5, 8.897587801440352e-6, -7.018275098188157e-5, 8.56839619982719e-5, -0.00082513203325891, 0.00010840615375275644, 2.5175763519855585e-5, 3.810728273214974e-5, 1.1221479888411723e-5, -2.626819468659352e-5, -6.520374584972726e-7, -7.505215223164003e-5, -8.496730252958854e-5, -8.448240283179573e-6, 0.0001397014898841928, -0.0005906652276025738, 0.00018849062706583248, -0.00012049109529278951, 7.062308537225806e-5, 3.027377935712924e-5, -1.4311478178165205e-5, 0.0001598017211823008, -0.0005370133413121346, 0.0004601890130632893, -0.00043343802910574436, 0.004056455361314166, -0.0062312867480176885, -0.012303776445304709, -0.0016117779790344176, 0.00020310911760315628, 5.537572636508478e-5, -0.0007273777714227436, -0.00017311895185668344, 0.0004532234925965169, 0.01944594642250645, -0.04599086004351214, -0.015725942652123875, -0.01773498722328432, -0.004691296424402358, 0.00020025171869320803, 6.305475469243906e-5, -0.0006087624586362675, 0.001716886690761067, -0.007610810620959485, 0.004767963433591916, 0.002458582054497084, -0.04574325466121276, 0.06123572252059346, -0.3407270979300569, -0.027064611582120427, 0.0010136350115739583, 0.0007892520137835649, -0.004891556644741407, -0.0021759809839406986, -0.0005558680501721804, -0.006809568591885948, -0.07892526471807317, -0.00018504165730492627, -0.0009334091204439309, -0.0029209350380937312, 0.014110486953721718, -0.07139701105535644, -0.014655919308820507, 0.0012511001318436992, 0.000627870924595899, -2.2148353643913875e-5, -1.6048224170835438e-5, 0.0021225904074455935, -0.029634646460095556, 0.03369464921424027, 0.0020046987193857793, 0.0017103501051455188, -0.0024073457642791703, -0.0006468237890746278, 0.0005377549252660239, 0.0003763042270609071, -0.0002433179081424094, -0.0006577094156737343, -0.00022236746757128029, -0.005530980786722228, -0.014993296282065733, 0.000167732871807595, -0.0049101059808817175, -0.016288341475340074, -0.004858526776267129, -0.0036732346701795473, 0.001468167677306789, -0.0018135027887500085, 0.002829638584292545, -0.005876435125933057, 0.0018672804410925844, -0.00016266858969913613, -8.446487567372686e-5, -0.0002788620050396516, -0.0005091495888228309, 0.0016542499173115152, 0.0005365676849574327, 0.0001319672007944041, -0.002328900392787052, 0.0014514892827787824, -0.0015826174254803585, -0.000748131112991833, -1.5497100862703732e-5, -0.0007407489467293617, -0.0029874479971353763, -0.001022483462532387, -0.00030726920053828724, 0.00023002054169328202, -0.0004074822289121004, 0.0007091848179310999, 4.790865390033404e-5, -0.00014586883513520414, 0.0009932716442175448, -0.001522526317544795, -0.00017378334087069327, 2.6974396687879186e-5, 0.00035315875740870656, -0.0004526009334891465, -7.296158446906273e-5, -6.5345484726935255e-6, 3.6592785965820284e-5, -0.00016079086931150774, -3.701439557790386e-5, -0.00032715423421919034, 0.0005181150708413949, -0.003896619005201958, 0.0006750561964459924, 6.618178216099542e-5, -5.1408801195212374e-5, 0.00010200806568895542, -9.969462607102918e-5, 2.5137744323258004e-5, -8.29048654561303e-5, -0.0004157762140801336, 0.0001331004606286098, 0.0005438494188206146, -0.0029261826526589233, 0.0006311406781657166, -0.0005813146667679385, 0.0003838252672458567, 0.00011288590453020256, -0.00010948361778261452, 0.0007356166052044866, -0.001800124974928658, 0.002044475010704703, -0.002513644113915528, 0.019131018691865946, -0.0006554077499554797, -0.001185141128383976, -0.0001432794227624842, -5.2190228222284815e-6, -6.131782605645463e-6, -7.736618859154225e-5, -1.0722581647225018e-5, 5.213236480216637e-5, 0.001828711990059793, -0.004391920450497, -0.001330585663190195, -0.0018109518704112137, -0.0005780421366265716, -2.390875282082057e-6, 1.1869033990752017e-5, -6.033622132794674e-5, 0.00018418190110939433, -0.000737057451958987, 0.0004123949293477572, 0.0002682332477007687, -0.0043682337038269, 0.005839444544105932, -0.03292618583039117, -0.002654623040837455, 0.00015723103440243882, 5.470476557051425e-5, -0.00046719566765995223, -0.00020331866995907397, -3.794721893796886e-5, -0.000680478670935976, -0.007592534425585708, -3.4373457227948446e-5, 2.3026977761549527e-5, -0.0002547876597430608, 0.00123006833320279, -0.006868931020811531, -0.0014533145024366943, 0.00011852968375099716, 5.8623872457634266e-5, -9.358737206203663e-6, -6.685424762137811e-5, 0.00018597844607334092, -0.002868322491118947, 0.0031945201228928874, 0.00016100104673030645, 0.00016097172910866585, -0.0002533805681010806, -0.00010031820176819697, 3.092098882030946e-5, 3.1226745175138035e-5, -2.2934488147598922e-5, -6.57062048849934e-5, -7.548688863861133e-5, -0.00038946357674110555, -0.0014198686730225454, 2.119067394884647e-5, -0.0004762414415902777, -0.0015857233209615243, -0.00045851885301867007, -0.00034329063909108306, 0.00013372298437640452, -0.00018022533323906994, 0.00027711627408988804, -0.0005363905968190272, 0.00015039374740481926, -1.6610346413924444e-5, -1.6851550312069414e-5, -6.61978135234247e-5, -5.979956850428039e-5, 0.0001558153403212325, 5.290281581525141e-5, 8.074716064874961e-6, -0.00022991849717121911, 0.0001387360377670795, -0.00015394621025713602, -5.201246232257283e-5, -1.1226052621849202e-5, -6.136237997901855e-5, -0.0002939878492927512, -0.00010385015958287964, -4.0992739623593196e-5, -8.962575914487745e-6, -4.3015008117034125e-5, 6.65679092613455e-5, 6.109358035132413e-6, -8.666192064692404e-6, 9.18120715886278e-5, -0.00014771882291238792, -2.7278817454398546e-5, 3.4803177842348218e-6, 3.355164917340088e-5, -4.953974970281522e-5, -2.2517116196999947e-5, 3.449667464940382e-7, 4.639438234787494e-6, -1.7811619358869363e-5, 4.671322831515115e-6, -2.695564049185448e-5, 3.927205378928141e-5, -0.00038903823295517774, 6.03432264009371e-5, -1.2171497950153904e-6, -1.0207961479882821e-5, 1.6999178513914885e-6, -1.4386505879599086e-5, 1.4331643955852682e-5, -4.580035552360214e-5, -3.764475574234466e-5, 4.941717315738296e-7, 3.214969141988286e-5, -0.00026747845294931817, 6.0915545676092415e-5, -7.333583214518482e-5, 1.813333422014434e-5, 1.189429098802464e-5, -8.68351810020405e-6, 6.352691563697005e-5, -0.00017395049862940843, 0.0001606654946221701, -0.0002830867681636918, 0.0017811511358884796, -0.0003110065858184377, -0.0005652157187267606, -9.423937087251808e-6, 1.902347431225815e-5, -7.98181915629194e-5, -7.691267965803998e-5, 1.6989704116979812e-5, 3.162010580314224e-5, 0.0008978471972597641, -0.0020521038950168102, -0.0006380933069688629, -0.0009710352739237061, -0.00028704471536560407, -2.2910479313005453e-5, 1.3901175949937836e-5, 3.6090399408902296e-5, 0.00015731073912391718, -0.000359070198456679, 0.00022452730828711488, 0.00020624268504049323, -0.0021029005071770282, 0.002818631346202775, -0.016199108466649365, -0.001595511641986476, 0.00017172358220014195, 1.8564690176282533e-5, -0.00023639894698628005, -7.915456227494852e-5, 1.688606175066898e-5, -0.0003815735897761894, -0.003739141235029442, -1.8334137994741956e-6, 2.4675687411060543e-6, -1.567166649061558e-5, 0.0006873814309458527, -0.0033830586038315004, -0.0007812851684546423, 7.359030003993922e-5, 3.311525884316468e-5, -3.190511134525166e-5, -3.5497621595046554e-6, 0.0001250451066794087, -0.0014714996223950698, 0.0016107047587194292, 5.931904383924651e-5, 8.258571625945807e-5, -0.00010190046804089823, -0.0001390073187884018, -7.393859539161437e-5, 5.898723210673026e-5, 2.2678019646686552e-5, -4.8395517463244956e-5, -6.468660963613549e-5, -6.184811587749076e-5, -0.0005673931906027287, 0.00013689230757359632, -0.00027599327479367467, -0.0007995768249392386, -0.00022653935812058456, -0.00017218221705274248, 5.411863159124059e-5, -0.00011219023095290186, 0.0001512923399560994, -0.00027666560656544, 7.516199237124767e-5, 6.879750352350783e-5, -1.9923466982044568e-5, -1.2503259689741869e-5, 6.999951755893967e-7, 6.815530292544757e-5, 2.522403169341203e-5, 1.9978953528412625e-5, -9.49751181955351e-5, 4.165222531342959e-5, -4.611288691669603e-5, -1.7533807294143183e-5, -5.799827006828869e-6, -2.5845242601916e-5, -0.0001520132420342409, -5.6467708917802885e-5, 6.435472026739553e-7, 1.2734255168758595e-5, -3.083800976446035e-5, 3.102138167755054e-5, 3.257638089209904e-5, 9.936163905733491e-6, 3.4726876748292516e-5, -7.155605559419272e-5, -5.817081215771548e-5, 1.274697616198847e-5, 2.1174231078151508e-5, -2.8581449450534685e-5, -1.5356200940645216e-5, 2.021900824438013e-5, 1.863106072530543e-6, -2.1859241061933238e-5, 1.3483778638214858e-5, -1.5776149017100962e-5, -2.978115841769238e-5, -0.00018555524650512516, 2.6741753010420935e-5, 6.471984725410843e-6, 3.71733721603572e-5, -1.873665107676637e-6, -2.62450763834001e-5, 8.622232402696531e-5, 1.260512732157793e-5, -1.893126704171546e-5, -1.9072708696589846e-5, 1.26811558995824e-5, -0.0001368624779434869, 7.969829516518347e-5, -2.111316477430094e-5, -2.9304477637430346e-5, 8.640288004828304e-6, -4.436543944978942e-6, -1.7764461457447576e-5, -0.00016807276870021848, 0.0001673998971982559, 1.3829565467514141e-5, 0.0008305947484389883, -0.00016095666906335514, -0.00033200497647466545, -2.2289442364163386e-5, 7.363558985184155e-6, -4.728591331164382e-5, -6.920913626399222e-5, 4.7161184371296125e-6, 1.9270634265197855e-5, 0.0005136301890870117, -0.0011991208602273329, -0.0003417515861572273, -0.0005580226244717822, -0.00015243763586067987, 3.3645345440809023e-6, 5.534144046857961e-6, -7.809766054990207e-6, 4.43899753137295e-5, -0.00019809558110847579, 0.00012452542307355506, 0.00010638668052498705, -0.0012416340380569143, 0.0016268094123285943, -0.009361971769591897, -0.0009778075608813045, 5.606809427603336e-5, 1.3981926717528738e-5, -0.00014421224843572648, -5.281303898371059e-5, 7.886908673951593e-7, -0.00022673463857084578, -0.0021590980679112325, -5.085197092254751e-6, -1.6138185007713573e-5, -2.2264849234445816e-5, 0.0003810581294799771, -0.0019751242310943576, -0.00044558453386146633, 1.83306957905547e-5, 1.757425948419692e-5, -1.2352770093411475e-5, -4.2456807601367005e-6, 5.8683714536642596e-5, -0.0008139891401276197, 0.0008993175509580898, 4.3527626303399745e-5, 5.006843799293115e-5, -6.871356795526446e-5, -6.081311948572835e-5, -1.915955340650539e-6, 2.4687864999308413e-5, 6.266068223996321e-6, -2.0794443666596986e-5, -2.660136472346906e-5, -3.832874175811717e-5, -0.0003449070060055068, 5.758200174985369e-5, -0.00017909900058585526, -0.00045940678782206457, -0.00012656859023019287, -9.0495924410445e-5, -1.8032989643446927e-8, -5.7215884550275684e-5, 8.220312050670669e-5, -0.00015931248932770116, 5.8462264482890115e-5, 1.4636157627188969e-5, -1.1755916284579046e-5, -1.1579704514955648e-5, -6.7547574788166594e-6, 4.598802742654114e-5, 8.194514125836747e-6, 8.145574806678527e-6, -5.727289516463621e-5, 2.022929053007211e-5, -4.359947478423158e-5, -9.159535986072538e-6, -2.1255072536215994e-7, -1.5021235929573855e-5, -7.854687350475658e-5, -2.9502187399982823e-5, 1.4644162883469958e-6, 4.6273140161745826e-6, -1.7091254938014038e-5, 1.880217291836621e-5, 9.986972905753182e-6, -2.20017150957237e-5, 2.7020407084450203e-5, -4.224508354538686e-5, -3.946251090346418e-5, 4.188452909943384e-6, 1.093300990897751e-5, -1.817999036260135e-5, -7.645036983143082e-6, 1.1691373422253728e-5, -5.446470020104278e-6, -2.4924539752016544e-5, 5.241315242608156e-6, -1.3747603062709246e-5, 3.7849041620823274e-6, -0.0001030580420594969, 2.2565126370688356e-5, -3.137366422838245e-8, 1.5631575495856743e-5, -4.0031069909064514e-7, -8.25657638382696e-6, 2.4232305467392657e-5, -1.8806544294095733e-7, -1.3444132690438446e-5, -2.6027672726310507e-6, 1.7864632598972067e-5, -8.776528931093656e-5, 4.1324911897034066e-5, -2.898857264819919e-5, -1.3984935392011357e-5, 7.834249311460064e-6, 9.582436752677299e-7, -6.224119451881287e-5, -0.00013251551018329292, 8.626231459539813e-5, -4.11431691812353e-5, 0.0005336995763001204, -1.014397610506415e-6, -1.0417286906484802e-5, -1.0091817973150036e-5, -3.378286946039532e-6, -6.819999424158745e-6, -1.1392260732877868e-5, 5.552770090356189e-6, 3.1495678636476552e-6, 2.5395510149366424e-6, -1.593378270288307e-5, 1.4124541714937551e-5, -3.4286600377030375e-5, -7.292139038111521e-5, -7.039343397136723e-6, 8.62816440706529e-7, 3.5340258789995315e-6, 1.1946096224858748e-5, -3.881373602952573e-6, -5.849001356806952e-6, 7.577152835108999e-6, -3.118319943912166e-5, 2.3608375591746078e-5, -0.00022652837107455632, -8.716562890943803e-5, 2.040837656280937e-5, 4.878689762573733e-6, -9.713908781291014e-6, 3.283095848512651e-7, 5.64304728510073e-6, -1.6065641334846964e-5, -4.187469900974809e-5, 1.9474376086208292e-6, 1.129427370021807e-5, 1.8747118807164443e-5, 1.1108848053137972e-5, -5.837460606734838e-5, -1.6982390264385164e-5, 1.5537470712005253e-6, 3.372493734973439e-7, -2.5606711238446607e-6, -3.94162997700268e-5, -8.951276884344101e-6, -2.0535457495612573e-5, 8.375757866628403e-6, -1.1306989535446389e-5, -1.0322046994883558e-6, -4.539044615160082e-6, -1.3302342051320083e-5, -9.27662032865719e-6, 1.7353409913708519e-6, 4.1053050747540904e-6, 5.947645595791656e-7, -6.003035964778743e-6, 1.7061289230443298e-5, -2.129051546121138e-5, 2.6038163757376698e-5, -1.2365928759179701e-5, -1.3159562633873421e-5, 7.7415936904751e-8, 3.6133746750060505e-6, -9.790523555994903e-6, -6.904845701899308e-6, 3.1477299102942307e-6, -2.2797805314392107e-6, -4.240070304396287e-6, 6.449900577790418e-6, -2.8810946366886266e-6, -2.933128813970019e-5, -1.0567704033215173e-6, 9.29472426828013e-7, -1.7611855798232867e-6, 4.3081447607049936e-7, -7.522016144014395e-7, -6.445941326775258e-6, -8.435410216624507e-7, -5.527113881145539e-7, -1.1334634645791643e-6, 7.861041802798007e-6, -1.992592798983052e-6, -1.1332283475903233e-6, -1.1079806950665748e-5, -2.2379330941526123e-5, -2.1378244131317158e-6, 1.1013076191131354e-6, 3.2884919605574167e-6, -2.5273419553210244e-6, -2.5213096278240476e-6, -3.168089520397248e-6, -1.3321867230293698e-5, 1.4121291977554095e-6, 1.5896799909182708e-6, -5.407196496524144e-6, -5.313334881264132e-6, -3.2383719805926386e-8, 2.6063702034691416e-6, -5.3813361265387236e-6, 5.8095927635823635e-6, 2.8395040648314247e-6, -1.6486162588410286e-5, -9.434237523545947e-6, 2.8892173116522056e-6, -4.9669711119218225e-6, -5.5366500000496655e-6, -7.771277671652267e-6, -5.31091740956533e-6, 2.696356677939361e-5, -2.8004955430110653e-5, 2.8442640829679685e-6, -3.158834023765365e-6, -2.776772114692083e-5, 7.785301970568387e-7, 4.408452623381356e-6, -4.204019237847083e-6, -1.5923348517809528e-5, 2.9542278671953982e-6, 1.8986893889576124e-6, -2.00070340247612e-5, -1.4727737268397903e-5, 1.0203105311413573e-6, 7.249180685032029e-6, 3.336507249073094e-6, -0.000207109493680068, -0.0004239219938924216, -3.415320886064142e-5, 5.948136005641429e-6, -4.859951568411913e-5, -7.780377034385777e-5, 2.6322012578377077e-6, 2.196931539293136e-5, 0.0006589120261274333, -0.0015449910085537574, -0.00045493652053129707, -0.0006976001914492598, -0.0001885365799535381, 5.675253077869617e-6, 5.820399171669191e-6, -1.4483185335529394e-5, 5.166428056792439e-5, -0.0002554866119127885, 0.0001591509221402988, 0.00012268664911237653, -0.0015780984683775464, 0.0020892192917534714, -0.01190068974475726, -0.0011774764423665616, 5.8638408706900866e-5, 1.7609791446862088e-5, -0.00017788716226140448, -7.251344325780133e-5, -5.7877119339244124e-6, -0.00028092218015580625, -0.002747453058842794, -6.777219545766384e-6, -2.1159644070202938e-5, -4.572328329559078e-5, 0.0004853421398612167, -0.0025064590817717074, -0.0005490148847539007, 2.652262505135479e-5, 2.267701606418664e-5, -1.2384728465662043e-5, -5.985870587866364e-6, 7.092582544259259e-5, -0.0010386017599504133, 0.0011538308137890268, 6.094488271840944e-5, 6.278778145104406e-5, -8.891008028628062e-5, -6.412876180114649e-5, 2.5304952347763913e-6, 2.6081639501762583e-5, 3.653561442818466e-6, -2.5466985093206988e-5, -2.7826438237195777e-5, -7.951089896749191e-5, -0.0004554750449344815, 5.6495817277184514e-5, -0.00021374771843511646, -0.0005797597492055612, -0.0001633083708670708, -0.00011911182106903765, 1.4499587446168998e-5, -7.403651455161955e-5, 0.00010347183366148294, -0.00020402663124266822, 7.721290563953005e-5, 1.1530591503788187e-5, -1.2417494568910822e-5, -1.4013656047980392e-5, -1.3090401895042096e-5, 5.921201593979866e-5, 1.2155208078778256e-5, 9.444683241117594e-6, -7.641723698148123e-5, 3.184898472504255e-5, -5.822240811616931e-5, -1.4781492721060861e-5, -9.332882279138976e-8, -2.0676679638089615e-5, -0.00010188172121970239, -3.648745537147421e-5, -1.5373451621913511e-6, 6.411868883112762e-6, -2.0000831845610686e-5, 2.4284406101622213e-5, 9.252186448208181e-6, -2.4814855217954702e-5, 3.534110866567262e-5, -5.391772000207046e-5, -4.10123123263989e-5, 3.23544412975017e-6, 1.2850940795705575e-5, -2.0433643553423526e-5, -7.158414588358224e-6, 1.0648345414951826e-5, -6.964444820143247e-6, -2.7323296066092963e-5, 4.521405540568677e-6, -1.739818689853007e-5, 1.0997724591077028e-5, -0.0001294417571051944, 2.625286158568036e-5, 1.1741287627814979e-6, 1.4169776219789661e-5, 1.1488743734188527e-6, -7.643191039122785e-6, 1.8772208515215825e-5, -2.5556979970673673e-6, -1.686422837455164e-5, -9.54107487707324e-7, 2.3727173060755324e-5, -0.00010938474123810728, 4.574077496984844e-5, -3.2121815873869806e-5, -9.402562094204405e-6, 8.161139458836166e-6, -4.1166039951015845e-7, -5.9683369802910656e-5, -0.00014755615810601786, 9.884996893859515e-5, -6.234389766028102e-5, 0.0006811051285198792, -0.0003502969358200233, -0.0006335038865290448, -1.4954861756815026e-5, 1.4541044564685298e-5, -7.751983153391353e-5, -7.9614959077041e-5, 1.5047323534289752e-5, 3.335403417618346e-5, 0.0010174121637379185, -0.00232596740578152, -0.0007234504054466911, -0.0010850038395371852, -0.0003153461082829157, -2.3748732093965698e-5, 1.537901856125782e-5, 2.8242580866120315e-5, 0.00016172189334630476, -0.00040404136121660643, 0.00025193402583644235, 0.00022096243961737755, -0.0023691950170788866, 0.003175254411850258, -0.018220342395889048, -0.0017676871215100436, 0.0001731808834385905, 2.0131626061497546e-5, -0.00026421347037283336, -9.343590934504947e-5, 1.199459836514327e-5, -0.00042016015764109483, -0.004206577880856968, -7.742794030650558e-6, -6.542857773379075e-6, -2.7237020560536726e-5, 0.0007600738998272184, -0.0038054553109110436, -0.0008712778645238778, 7.694839798734108e-5, 3.688633070161138e-5, -3.330285012507071e-5, -8.04367640453672e-6, 0.0001325490686439139, -0.0016426053884690368, 0.001806235629330358, 7.276576725022237e-5, 9.297629157390221e-5, -0.0001152384688618684, -0.0001400970034149931, -6.639477400971104e-5, 5.622241398760674e-5, 2.212833339408218e-5, -5.3081227457527106e-5, -6.716151038130574e-5, -8.853266595138358e-5, -0.0006549641453190027, 0.00013681920808543546, -0.0003086894240427794, -0.0008928315799768869, -0.0002535754224108906, -0.0001929094768357944, 6.330602260095933e-5, -0.00012150344843859667, 0.00016718123026937686, -0.00030888519661094265, 8.601281445226926e-5, 7.259150803765278e-5, -2.121324543148406e-5, -1.3482129620733625e-5, -3.792725155320674e-6, 7.74020301548385e-5, 2.7753768744073695e-5, 2.0943349145864783e-5, -0.00010767936530945295, 5.10882533439499e-5, -5.5905186914928536e-5, -2.1910096977316296e-5, -5.788100649913762e-6, -3.0226147788459237e-5, -0.00016743934189889222, -6.233111166735418e-5, -1.8745570696415942e-6, 1.2913591248847163e-5, -3.341461512288527e-5, 3.516587038792748e-5, 3.272108577752425e-5, 1.008251478602642e-5, 4.335616624609073e-5, -8.24588462846792e-5, -5.5098496264183725e-5, 1.2930468826223325e-5, 2.2620665570190064e-5, -3.12857895225013e-5, -1.4858057627888136e-5, 2.0162935346906662e-5, 4.748243250317863e-7, -2.2237154820269727e-5, 1.3416588184749795e-5, -2.0121432917007817e-5, -2.2410930597515687e-5, -0.00020852146267921447, 2.9093388780550682e-5, 9.050717707795941e-6, 3.5878252740263543e-5, -4.186371205765846e-7, -2.5647521046821642e-5, 7.819462557573483e-5, 9.599564759781125e-6, -2.110322238922302e-5, -1.936039214220354e-5, 1.5181168440426331e-5, -0.00015546792151923143, 8.645104400760826e-5, -2.2698267513065616e-5, -2.3751923249195973e-5, 9.237427208385829e-6, -4.431713393119101e-6, -1.2058698289881349e-5, -0.00018278730713905053, 0.0001759037430504257, 5.562017025031047e-6, 0.0009389443242291542, -0.0007221151248269701, -0.0013033365130848435, -0.0001575963864823939, -5.909423936227027e-6, -5.228373087320918e-6, -8.432332157461443e-5, -1.2285958443813977e-5, 5.6552711377505435e-5, 0.0020186159595800453, -0.004843524927642613, -0.0014666863128028728, -0.0019889487011593293, -0.000628804943387576, -2.2282715113652076e-6, 1.3161312773252481e-5, -6.77756870407172e-5, 0.00019998507246351226, -0.0008124497773816524, 0.0004552776943103994, 0.0002950931545839228, -0.004816593258751611, 0.0064325424666081075, -0.03628623623731103, -0.002926291869406496, 0.00016963327263461, 5.9541277844634816e-5, -0.0005159935402271592, -0.00022348777855518592, -4.239552158196187e-5, -0.0007477197368935892, -0.008369279560192717, -3.933109702300512e-5, 2.0654350700259075e-5, -0.0002792100237644922, 0.001352488816975941, -0.007571445693197768, -0.0015994813692682827, 0.00012912785843341852, 6.45436576216546e-5, -1.0030273356913459e-5, -7.126553501351005e-5, 0.00020521549772928654, -0.003155241501222103, 0.003514878242354235, 0.00017837681346301665, 0.00017799223458916637, -0.0002781604723196204, -0.00010605753786697675, 3.582530136003843e-5, 3.2367154763681434e-5, -2.493825884785875e-5, -7.283103557063977e-5, -8.267839761443469e-5, -0.00042879074831211704, -0.0015641949139030224, 2.1621358337974238e-5, -0.0005250818694344059, -0.0017437366678778785, -0.000504443847940813, -0.0003773912661007952, 0.00014809674392743434, -0.0001972015802287137, 0.00030471184684326, -0.0005905520750838716, 0.00016551503322317096, -1.7170349631337252e-5, -1.842369861311038e-5, -6.977069632242602e-5, -6.554231525993336e-5, 0.0001711771796929147, 5.756326285358193e-5, 8.724900298617219e-6, -0.0002521772661890052, 0.00015288619795500251, -0.00016915470327038523, -5.7517611921673826e-5, -1.22560784917996e-5, -6.84538988873937e-5, -0.0003219206699831575, -0.00011409151861472202, -4.4285802028779436e-5, -8.27440375319446e-6, -4.716724503960171e-5, 7.3334805971717e-5, 6.367379292787157e-6, -8.897095739423449e-6, 0.00010260641194968344, -0.0001632257700601587, -2.591036895126723e-5, 3.765557775079444e-6, 3.6849759890929625e-5, -5.4241048068434234e-5, -2.398621198385483e-5, 5.632879268850888e-7, 4.663286436856102e-6, -1.9035214653591315e-5, 4.498226865398598e-6, -3.0443177045162293e-5, 4.560884976526439e-5, -0.0004280704232407694, 6.622403428720476e-5, -4.553340958971463e-7, -1.0640588452209569e-5, 2.6644168346657642e-6, -1.523620646427218e-5, 1.2238467917950448e-5, -4.810652752640095e-5, -4.1699521469571654e-5, 6.771049065996966e-7, 3.790252856857272e-5, -0.0002958167669918277, 6.712855859022361e-5, -8.036545295163904e-5, 2.2691655484494797e-5, 1.29749155108201e-5, -9.314472249287607e-6, 7.206437960078576e-5, -0.00019231683437145712, 0.0001780914138234019, -0.00031027790933749465, 0.001962885803848434, -0.006757560366025063, -0.01333918639528154, -0.001747174795306615, 0.00022080177628754929, 6.732285307734644e-5, -0.0007834718034360706, -0.00018792716023636062, 0.0004905019914893303, 0.02107447254791897, -0.04985057944472394, -0.017061195788740196, -0.019208156352474734, -0.005078541515447294, 0.0002160612690042015, 6.832290256813347e-5, -0.0006573995699038151, 0.00186192491739505, -0.008256652570936697, 0.005171620902214702, 0.002661805345823181, -0.049586655236715425, 0.06639397098710773, -0.3694231710176868, -0.02927102051368412, 0.0010965505257636795, 0.0008587871548759082, -0.005308643553576872, -0.0023534879899813795, -0.0006033220507525902, -0.007380269525339899, -0.08558921656846238, -0.00019574461222461668, -0.0010135747309195416, -0.0031676283227491954, 0.015292043511563623, -0.07740496381837046, -0.015844681239785958, 0.001356089818502359, 0.0006813891577931545, -2.2596266405576932e-5, -1.7031479683654068e-5, 0.0023041876399251655, -0.032136395981206295, 0.03651881030708145, 0.0021733578804873934, 0.0018571061580015774, -0.0026068567925922486, -0.0006846855640419096, 0.0005751013780363159, 0.0004089059262549591, -0.0002658922391737878, -0.0007133200172128796, -0.00023907169002929904, -0.006001258190012509, -0.016252247454903793, 0.00017664677842577683, -0.005313231226714698, -0.01764253550424878, -0.0052646333971660035, -0.0039768965888695865, 0.0015998083840082966, -0.00196937056427755, 0.003067892989632074, -0.006374499567796507, 0.00201936874249702, -0.00017425513435714545, -9.089355657579932e-5, -0.00030081668831279156, -0.0005515766220052476, 0.0017928243096351256, 0.0005788347732743438, 0.00014158878545605737, -0.002524647330453246, 0.0015704906075959535, -0.0017109274409085173, -0.0008119806546057074, -1.7018241142830915e-5, -0.0008027960424140719, -0.003237754620430652, -0.001105143832494865, -0.0003325010905489062, 0.0002489968358780225, -0.0004415526938680546, 0.0007690372859934473, 4.983219697403837e-5, -0.00015182725222340958, 0.0010768932182889743, -0.001649545277843057, -0.00017896407857046563, 2.8404719553898173e-5, 0.0003825660324994047, -0.000488907570034797, -7.857905844114524e-5, -7.636392237667952e-6, 4.12617653636056e-5, -0.00017298612626179543, -4.020545143487366e-5, -0.00035603464658106324, 0.0005643590515475356, -0.004219550476029914, 0.0007287500487314695, 7.349843437062463e-5, -5.800537227019698e-5, 0.00011070574870364198, -0.00010848997844974302, 2.8261507900644013e-5, -8.940882333429368e-5, -0.0004504596003375863, 0.00014427188618308472, 0.00058878368208676, -0.003170850651137583, 0.0006825277413030016, -0.0006252945432223534, 0.0004164050551898069, 0.00012251413711619855, -0.00011841238660209497, 0.0008092004053083415, -0.0019455889571063088, 0.002213217433777323, -0.0027227888534173635, 0.02073917462351041, -0.0014808315121456193, -0.002614475047365097, -0.00026015243659576555, -6.9534272385089e-6, -3.0432557063950347e-5, -0.00015895576212113002, -3.408581972368385e-5, 0.00010520386623449824, 0.004207146107373965, -0.009876745015825753, -0.0029835972424435827, -0.004201575570428477, -0.0010766918485591228, -4.387976984902059e-5, 2.8777812866060828e-5, -0.00012845089895455368, 0.00040707408886374216, -0.0017153261299635962, 0.0009795087132191507, 0.0007270589460145301, -0.00992559048164859, 0.013432374607271294, -0.0762069365963807, -0.006565147096154341, 0.0003624291424146368, 0.00012422010920424764, -0.001106406864718863, -0.0004564864732394442, -6.204956408986683e-5, -0.00159414613394812, -0.017572227621731173, -9.193120278705368e-5, -1.4036466826173947e-5, -0.0003684202857694543, 0.0027780994956780125, -0.01596896056445953, -0.0033196168224238327, 0.0002722000196687688, 0.00013950064160645989, -4.3854916046481797e-5, -5.009232911988868e-5, 0.0004729470574095362, -0.006612830419070511, 0.007217599982091117, 0.0003048431640553575, 0.0004017668247735646, -0.0005565868092188006, -0.00023598935807030684, 7.346543591533695e-5, 9.222663036670089e-5, 1.7970937376525717e-6, -0.00017567013855284935, -0.00019245030442621426, -0.0005790573074840046, -0.0029358879286893852, 0.00018256696067347794, -0.0011501191028518143, -0.0036550616563922507, -0.001041644888729984, -0.0007932855662602127, 0.0003457401422796894, -0.00041421602618873935, 0.0006412739984890132, -0.0012504058010862095, 0.0004581849799228751, 3.9508114948669495e-5, -3.494459552598313e-5, -8.978990275498165e-5, -0.0001272202187524707, 0.0003538078595503143, 0.00011512188988352648, 5.574106413547616e-5, -0.0004957863317597705, 0.00031075062187543764, -0.0003276145600666238, -0.00010321823710536513, -2.0689603323353558e-5, -0.00014703363009507402, -0.0006750436302597516, -0.0002361243941766204, -7.272634229187526e-5, 5.029210014778851e-5, -0.00010817262215621071, 0.0001498391313833294, 3.0402666905274485e-5, -3.9664583420140464e-5, 0.0002115134579815433, -0.0003313673605377989, -2.534499624625129e-5, 1.782023487599134e-5, 7.30125849310482e-5, -0.00010324795225880319, -2.5813569406231064e-5, 2.456648685664128e-5, 1.4607447608049537e-5, -4.839508527717903e-5, 8.208323305946014e-6, -7.154224374929194e-5, 9.083281803852093e-5, -0.0008480518699955189, 0.00011219905480996058, 2.5017242662976638e-5, 3.5283075135369254e-5, 1.1846024033340898e-5, -2.6723706288655363e-5, -2.857256058308756e-7, -7.554730454794768e-5, -8.750788526146736e-5, -7.373973430436048e-6, 0.0001441713891515777, -0.0006062821865222012, 0.00018889470310630774, -0.0001268212015316717, 7.325318299696994e-5, 3.063011999105977e-5, -1.502893380655659e-5, 0.00016567277375882758, -0.0005408372042162437, 0.0004726076179886073, -0.0004565094301156585, 0.004169351271765711, 0.004743639584863266, 0.0005602611554329584, -2.687175780414212e-5, 2.9031038712756092e-6, 6.315927236378669e-5, -0.0006550941951659941, -8.471138255765744e-5, -0.0012172903435978576, -0.0023177127025227682, -0.04687280831611945, 0.0011174888025694968, -0.01353555575078895, -0.0003337994153423904, -4.809751670894251e-5, -0.00012766369208433754, -0.0010354595482280947, 0.00018939097662467864, 0.001002929393188277, -0.00124902643081391, 0.006244710115067837, 3.581231517401254e-5, -0.018894764101607318, -0.0028136106917923368, 0.004431772662583011, -0.0007601419528757437, 0.0006004385168071157, -0.00047750096182136155, 0.00012013577055055133, -1.2605744052164074e-5, -0.0020418792674228668, 0.003912787142977804, 3.885348416294309e-5, -0.010400068552915186, -0.00045006633547701845, -0.003932722803186842, -0.0018426963183310438, -0.00018777798012746573, -0.0002631577923720812, -5.65144829289791e-5, 0.0001290464923540773, 9.255236844951561e-5, -0.00010649392958489825, -0.03384952171641388, 0.0005845855472628964, -0.0003540919292858013, 0.0011774196793221511, 0.0014136556129553553, 9.105403194091917e-5, -0.0018695369923019433, -4.970326752665163e-5, -0.0012413860792999938, 9.024047290878127e-5, 0.0008205769803556109, -0.0009033731900944115, -0.00013390266162333395, -7.139975200204661e-5, -0.0005323454315194767, -0.000671729278038065, 0.0005288227199797605, -0.00021111640565426058, -8.451557177065238e-5, -0.003091108301380156, -8.834040726464452e-5, -0.006137050959586005, 7.509886852715553e-5, -6.192419071895587e-5, 7.19283832692085e-5, 0.0003749816958712793, 7.79894510736874e-5, -0.00042820074218426527, 3.2142945607219e-5, 0.0001704997591281214, -0.00039744009688734417, -6.28266650532186e-5, -0.000330304719636435, 8.858833498762469e-5, 3.592443074952188e-5, -6.722604664962834e-6, -0.00015441138776150736, 9.862566280196613e-5, 5.5267240187614424e-5, -4.798042463074327e-5, -1.963248969226076e-5, -9.021212178734678e-5, -5.145791641590584e-5, 1.3555250093166811e-5, -0.0009607095841835344, 4.1853895233811026e-5, -8.116569767758672e-5, -2.5373244863605066e-5, -6.572668408803547e-5, -3.695030189595826e-5, 5.8419897334342425e-6, 1.9661527520571842e-5, -6.627962925974381e-6, -1.2463642722304077e-5, 3.211644207235723e-5, -6.770757120724906e-5, -0.0002481555011705038, -0.00011135774112530498, -0.0002160981412902397, -2.273119510351536e-6, -8.207793567289682e-5, -9.14346684230628e-6, -8.907210782957374e-5, -6.6293648947864366e-6, -0.00019866899461621354, 5.4966867696780694e-5, 2.773969907601943e-5, -0.004777045890872403, 0.00039110963959189605, -0.0011212121971083933, -0.00013290007005949654, -0.00011159204691493716, 4.7361503594084474e-6, -0.00045577904372843896, 3.2699623192714e-5, -0.002453257076860274, -0.0008419740486919413, -0.007339549224345195, 0.0019024740765824911, 0.023259297366051968, 0.002401596405660323, -0.00011654643551154582, -0.00017295722392869127, 0.0002923552735660615, -0.002969874272725486, -0.00047955488998219074, -0.005250718132268501, -0.009917487960052785, -0.2153433118192169, 0.004189161150066292, -0.06679390976968412, -0.002137583151357918, -4.063290298440381e-5, -0.0006632819229732937, -0.004551645841980029, 0.0008331043108686818, 0.0047441960668333115, -0.006681423430396803, 0.029841249442430138, -9.479122091052667e-5, -0.08799482083360614, -0.01818956514679162, 0.020289366737018255, -0.004347215535654889, 0.00262589399809644, -0.0022449208662611575, 0.0006016898177026124, -3.1935849524871895e-5, -0.009859207009070803, 0.018358231012907372, 0.00012174116334579747, -0.04848446269633294, -0.0012025491409838086, -0.018744757861166382, -0.008989142194237139, -0.0010112512236833506, -0.0012943355582006955, -0.00019623460318416347, 1.1539077061559239e-5, 0.0007316572976650962, -0.001184720620427625, -0.15651060009995654, 0.0026806630305530534, -0.0016338024845719327, 0.005376461148601166, 0.0068086021245250174, 0.0002736883188310179, -0.008562429171863258, -0.00012732655704370322, -0.005623901278680017, 0.0003133115490996624, 0.004937268338433668, -0.0026913365451594353, -0.00022519975836220423, -0.0004988060030397857, -0.0024890002668149186, -0.0032580259992996898, 0.0025269053587836515, -0.0008883049157498381, -0.0003304987666878383, -0.014188704807843724, -0.0003689857278925121, -0.028201927920476846, -4.6643008258355575e-5, 3.4139911192513314e-5, 0.0003933865643916487, 0.0017840837888190182, 0.0002584154172491434, -0.0019553137063723362, -5.5877763069180705e-5, 0.0008529988982722814, -0.001937398138961501, -0.00020352848779151505, -0.00155242707995861, 0.0004810580703904232, 0.00012893814966845045, 8.768875632582486e-5, -0.0007494384276508435, 0.0004682086439605259, 0.00027825271850028655, -6.939234853861243e-5, -0.00010912918005964134, -0.0004366322148518559, -5.191000992180644e-5, 5.556746023177218e-5, -0.004409378715397791, 0.0001862641592146948, -0.00020901753293623657, -0.00016961624685672797, -0.00022098487056625615, -0.0001302488384223276, 4.8526934068804274e-5, 3.0031621107701228e-5, 5.005154983387115e-5, 0.0001002829381738037, 0.00010956157536495597, -0.00034200650626276734, -0.000991122969040976, -0.0005107518242006245, -0.0009515908209533279, 5.9389115251321016e-5, -0.00043067069721226917, -2.6565292084240736e-5, -0.00040344264061081435, -0.00013580202361248054, -0.0014278242598442224, 0.0005946116527671625, -0.0005509856336607975, -0.022023076806355624, 0.001835878278216213, -0.004013067891011105, -0.00024537251968731043, -0.000390535735195701, -4.185349972070427e-5, -0.001980962982889095, 6.239370560850055e-5, -0.01159374204334606, -0.003572145767021435, -0.032607261008675725, 0.009342598838084278, 0.0021997033891939847, 0.00018900280447162892, -1.501723589255004e-5, -1.4633424185811656e-5, 2.336016438627377e-5, -0.00030339321061463684, -3.831023859347434e-5, -0.0005481892838300321, -0.001011899005194655, -0.020809329677264534, 0.00045869091738662537, -0.006430474887207012, -0.00025152461707395035, -2.4342752115106403e-5, -6.088360453978371e-5, -0.0004713827418045135, 6.506178162514133e-5, 0.0004453388019468288, -0.0005910595310599558, 0.002805116476689216, 3.3774106617561155e-6, -0.008506806523304761, -0.0013886861444679219, 0.001858449143261312, -0.00037297873703279747, 0.00025157249209131657, -0.00021079076156630205, 5.19654222309696e-5, -1.81322809982575e-5, -0.0009606634131905893, 0.0017443089847433931, -1.2033052628370256e-5, -0.004722267086466658, -0.0001926167815829805, -0.0017418528886135095, -0.0008831361889392128, -8.186725106296783e-5, -0.00011603111078993994, -2.4468079926397068e-5, -8.636879035522503e-6, 5.2785483576171745e-5, -0.00011542522705242746, -0.015072758481389633, 0.0002316896588616571, -0.00015574024885178206, 0.0005163006620955041, 0.0006610704824417173, 2.9724396557662916e-5, -0.0008245202114726981, -2.6254000944250425e-5, -0.0005406552106157851, 3.587766543691366e-5, 0.0003921728695857306, -0.00031138487826743935, -0.0001163029875767046, -6.963335948405654e-5, -0.00025033484539638246, -0.0003183118503139428, 0.00023759392675153096, -9.912372145646222e-5, -4.453501674485865e-5, -0.0013773402970540312, -4.453089995125188e-5, -0.0027260513719359536, 2.508877572786334e-5, -6.906506537348917e-6, 1.9032104222040883e-5, 0.00016000861095978467, 1.9943802994544798e-5, -0.000198137095219868, -9.735140777624107e-6, 7.721185768848708e-5, -0.0001771983176421095, -3.269344068228314e-5, -0.0001592850254982088, 4.039279463719018e-5, 1.647518303658022e-5, 4.631660663637844e-6, -6.54374990127167e-5, 3.965542833185278e-5, 9.554508875273991e-6, -2.487921103842243e-5, -1.2267244421617477e-5, -3.9547767370907966e-5, -1.916836349768303e-5, -3.919172303673145e-6, -0.00041800965740554743, 1.7329156496853826e-5, -2.6172361936841107e-5, -1.3960731767003599e-5, -2.5707838302905208e-5, -2.3728565547325256e-5, 3.227782291527527e-7, -8.174322841359803e-6, -2.267296530201483e-5, -1.2055803591651926e-5, 1.1732727978044132e-5, -3.93496435531149e-5, -0.00010538730304273096, -5.320200603729772e-5, -9.918749555707802e-5, 9.463688976261944e-6, -3.968905579594582e-5, -1.4959954453547626e-6, -4.435217592078705e-5, -2.438779688298292e-5, -0.00012110121906334199, 3.5248698195352294e-5, -2.452256517582946e-6, -0.0021131011150329468, 0.0001803282599864906, -0.00039920432250524615, -0.000110836326551295, -3.58242181339604e-5, -4.933782693086859e-7, -0.00019467928235448477, 3.7721694737413844e-6, -0.0011190515620881343, -0.00048012041845734744, -0.003157960326367976, 0.0008303813609142005, 0.0010689377979524151, 0.00021130904594086056, -1.023800121035058e-5, -6.519671570157048e-6, 1.566088878764123e-5, -0.00017993212881898266, -2.6214605298729688e-5, -0.000282331333954094, -0.0004537669061748294, -0.010191634727967793, 0.00025817121736388315, -0.0028644749834742435, -1.4319022730094051e-6, -1.7594666845709285e-5, -1.2624799998233328e-5, -0.0003483690279922844, 2.399620425397401e-5, 0.0002140613331042335, -0.0002528593830488706, 0.0013010471041539754, 1.3305044288429282e-5, -0.004042474643322126, -0.0006075279817096927, 0.0008508586148903283, -0.0001714932816339169, 0.00010868664483262601, -9.776930630281038e-5, 2.715677592438065e-5, 1.3493793881065891e-5, -0.00043296424355630846, 0.0008615683261887361, 1.999017750943593e-5, -0.002438578512891671, -0.00011135997826428436, -0.0008732356177182632, -0.0003754309472343924, 1.7204253848017345e-6, -5.495917178527691e-5, -2.4725269773795704e-5, 8.910774580304481e-5, 1.8038238035195031e-6, 1.024081476335098e-5, -0.007454659555828807, 0.00012978701618142368, -9.087575185483737e-5, 0.00027380840426481526, 0.0003136227070182885, 6.313309945006505e-5, -0.0004033850177585613, 1.1245487619106815e-5, -0.00029812785942173384, 2.6974381137769047e-5, 0.00023237391601809682, -0.0003369154910863627, -4.993854663375148e-5, 1.2565649512039324e-5, -0.00014040682050307397, -0.00013563975307265, 0.0001197930534680306, -7.241905736175135e-5, -2.4239224306278154e-6, -0.0006921888164590537, -1.1470067535496586e-6, -0.0013538275094793278, 4.3317912648148575e-5, -4.355962789160095e-5, 3.010172557045786e-5, 6.017395796449533e-5, 2.364017900707521e-5, -0.00011063420767507527, 3.5623521358671486e-5, 2.9374214777582106e-5, -8.698504190393309e-5, -7.718533428963176e-5, -9.149605180269815e-5, 2.1232214805266106e-5, 1.5075299720189475e-5, -2.219095968000973e-5, -2.510049742077427e-5, 1.872383514100765e-5, 1.74894902161099e-5, -1.8904508620366094e-5, -2.328958038858084e-6, -1.6461628704179663e-5, -6.693007358500648e-5, -1.6715899093229482e-6, -0.000207039581959214, 4.114499131496387e-5, -2.0630160783327943e-5, -3.452984030104754e-6, -4.6603509085113265e-5, -2.1050352729691965e-6, -4.012436319061928e-6, 7.036738568073302e-6, -7.973541413685337e-5, -1.836371510146396e-7, 9.798499397138338e-6, 1.1172841582194001e-5, -2.7576056217547248e-5, -1.8417609213801632e-5, -7.797263197692266e-5, 9.533567812300001e-5, -2.597605688546519e-5, 8.471574646865372e-7, -2.053204753350354e-5, -2.5045752282423602e-5, -4.112256925429256e-5, -9.174773567559548e-6, 9.492852010566516e-5, -0.001037220586648003, 8.521211240879368e-5, -0.00033925393834039597, -2.7965237543268473e-5, -5.912503822626226e-7, 1.3719941271616438e-5, -8.969200357545385e-5, 2.6840828580758754e-5, -0.0005415635302310592, -0.00023831101647322388, -0.0017296247170250016, 0.00045909031943307596, 0.0006132171554812778, 0.00010353785301849533, -9.721899861359203e-6, 2.834666291885454e-6, -8.07877190022734e-5, -9.530920992227475e-5, -1.859000225326437e-5, -0.000151550416464059, -0.00028066922942596184, -0.005860529508953381, 0.00013527710676306624, -0.0016375451744119356, -6.267890735661943e-5, -1.162648966850103e-6, -1.1039349816671e-5, -0.00017855274763987206, 2.1724942982723754e-5, 0.0001263628110393609, -0.00013460487665124712, 0.0007840959224177578, 1.2922918127864845e-7, -0.0023676948281967218, -0.0003600595078435892, 0.0005863036626275033, -8.63571023127844e-5, 5.235027547278995e-5, -5.6223872338283674e-5, 1.790289244240901e-5, -5.479001519669464e-7, -0.00025223349225892387, 0.0004820771552505673, 1.0118880448017092e-5, -0.0013765129651085739, -5.7985732674632195e-5, -0.0005169064501334906, -0.00021485533514518633, -0.00011115495163814288, -3.3173259577755235e-5, -1.0371529904569673e-5, 3.7110319239348134e-5, 8.86933623487532e-6, 3.7553021464619614e-6, -0.004309732984612213, 4.516342827639836e-5, -4.646176328477397e-5, 0.0001563274958835482, 0.00017329853172367958, 1.3848954542806826e-5, -0.00026407872410619574, -1.3841181276521866e-5, -0.00018916301656238837, 1.3435825581357881e-5, 0.00011774068434391195, -0.00020127628697906333, -2.3562578922199637e-5, 1.0626196423028684e-6, -8.249436665340519e-5, -8.642988220284372e-5, 6.59360301848546e-5, -2.696638872398488e-5, -1.0234432883372474e-5, -0.0004084462946279961, -1.1298003133045128e-5, -0.0007660459659304845, 1.141921359824546e-5, -1.5368234483449878e-5, 1.6322227365750932e-5, 3.119915211183675e-5, 1.0216754422069692e-5, -5.6088427758278955e-5, 2.4707351884099088e-5, 2.124782942367606e-5, -4.884520135714876e-5, -6.507879598183264e-5, -6.373379276371293e-5, 3.415645670486414e-6, 6.838801038860535e-6, -2.933806504047935e-5, -1.806958770461442e-5, 1.1438306417932268e-5, 9.863671225508354e-6, -8.011978707858938e-6, -2.159906999792846e-6, -1.0930119352426156e-5, -3.50686404357046e-5, -4.800334756609721e-6, -0.00012067084998468875, 9.922032332261455e-6, -3.2970274272967495e-5, -2.298692388007992e-6, -1.2967696707482958e-5, -9.771210337191794e-7, -3.624625115977993e-7, 4.425253862188517e-6, -3.0684925107192e-5, 2.851961011033885e-6, 4.409798204362448e-6, -8.087970445781135e-6, -3.8220583362399473e-5, -1.1691107535349373e-5, -5.790421989594981e-5, 2.8806867611075762e-5, -1.3160464956626275e-5, -1.4785942013869866e-6, -1.5005039974922823e-5, -2.099302900886453e-5, -3.064874265034572e-5, 6.8435478702974144e-6, 2.153397482582961e-5, -0.00059349139019828, 4.9998888669154125e-5, -0.00017537286643731358, -1.6198424535321048e-5, -5.44257727365636e-6, -1.953576387901175e-6, -4.603890932747985e-5, 3.0849337906003607e-6, -0.0002989044419927885, -0.00013238325310968574, -0.0010293045710562888, 0.00024475379005084235, 5.905786177231662e-6, 2.663214834378346e-5, 8.94697699613828e-7, 2.2433304405674855e-6, -2.7508514490783688e-5, -1.1470967973380175e-5, 8.10053904897784e-7, -7.719210572703499e-6, -5.378868754426259e-6, -0.0001239441607306957, 5.773811396549046e-6, -6.518678822280574e-6, 1.8567411971718238e-5, -2.485209756641912e-6, 1.5530330297846357e-6, -3.4985992995348835e-5, -9.674298176713534e-6, 3.411385612979912e-7, 1.3149407607764136e-6, 4.323539709111018e-6, 2.380379512636945e-6, -5.6375113685874863e-5, 3.716514974629686e-5, -7.062574157989881e-6, 9.143059122140155e-6, -1.2471467664026562e-5, 5.56833613744419e-6, -2.5601298398027085e-7, -2.267974828729757e-6, -1.9763864033610444e-5, -1.8671403419235226e-6, 2.6263401442981375e-6, -5.711220478542441e-5, -9.687422405869611e-6, -5.129964621325095e-6, 7.046436541419237e-6, -2.235494800011813e-5, 3.481163970491491e-6, -1.663493031200225e-6, -3.5211153443544926e-7, -1.2014192855255546e-5, 9.879136410479385e-6, -9.101903930938892e-5, -1.1930842362528434e-6, 3.619498083003269e-6, 7.245745824146655e-6, -1.8061186352535245e-6, 4.487733046359465e-6, -1.9683291960726538e-5, -2.0474010811129052e-5, -7.627995759522417e-6, 2.0245726230769394e-6, 2.481280470586557e-6, -3.56490626162238e-5, -5.798824409040048e-5, -2.678366985478332e-5, -1.202980352515449e-5, -3.240595075534188e-6, 2.898015027880106e-7, 6.405585403019611e-7, -6.721479521284744e-6, -1.5289125676625254e-5, 6.393151378542564e-7, -1.642110963807291e-5, 7.763470706895086e-6, -2.652866521673262e-6, -1.2131771221728489e-5, -6.7673480255051175e-6, 2.855968470529243e-6, -6.315409577496941e-6, -5.076040917682381e-6, 1.4293185444437077e-7, 1.1917967633197803e-6, -1.700942032441951e-5, -6.964974881721496e-6, 1.1007241171628823e-6, 1.5340056340134769e-6, -7.500904638796578e-6, 1.2039308956528627e-6, -3.472457435482526e-6, -4.9446039263811065e-6, -2.4518338620218765e-6, -3.534926645142452e-6, -8.498958195103477e-7, -8.609020497407742e-6, -3.6736839043483746e-6, -5.245373253026679e-6, 8.398757047784743e-6, -4.704858526636127e-6, 1.805599850855123e-6, -3.2721364973520368e-6, -1.0367687003351621e-5, 4.503775911789307e-7, -1.494534109535614e-5, -2.6153415962444212e-5, -7.852942344315278e-6, -5.095201780003959e-7, 3.3098994432513812e-6, 2.843837959979172e-6, 7.847104696672865e-7, -9.237434986749802e-6, 1.9281536720494868e-5, -9.583460875908514e-7, 1.0909602182874774e-6, -5.820662553697609e-7, -4.31496437312578e-6, 1.1420220225611044e-6, -8.134858910356081e-6, 2.7056207494584228e-5, -1.3128518870544866e-5, 3.113153249087613e-7, -1.548439539936556e-5, -7.115432150133512e-5, -1.3439071321652853e-6, -2.134657794838718e-6, -1.489553302849617e-6, -1.6003546895956863e-6, 1.7243345886023432e-6, -8.063811247622211e-5, -6.0848957671229343e-5, 2.799745372791089e-6, 0.0007911005661357337, 0.00011925653106059085, -1.0623387746051312e-5, 3.110172627481968e-6, -8.009721595389115e-5, -0.00011702060585079836, -2.211263082149485e-5, -0.00018923391517532186, -0.00036224487633582976, -0.007465871648133795, 0.00016634822193031402, -0.002144498350143272, -8.075031836060811e-5, -8.498022580791176e-7, -1.6854558580640724e-5, -0.00020055303232954737, 2.9356090964667312e-5, 0.0001643430027156903, -0.00018377919699964114, 0.0010081956894101081, -2.2369814671008708e-6, -0.003028300620343584, -0.0004974914667595826, 0.0007415819908697291, -0.00012131723744519764, 7.273112836397847e-5, -7.558526948673196e-5, 2.259814880108865e-5, -2.248053724982656e-7, -0.0003250946155685988, 0.0006228878348122448, 9.397541101809879e-6, -0.0017395550461678849, -6.705280989207117e-5, -0.0006583321509629388, -0.00028749988912659617, -0.00011102519416609778, -4.382163963620043e-5, -1.2071654070250752e-5, 3.6093840010469116e-5, 1.6270206154641357e-5, -5.575854910115076e-6, -0.005472463719682454, 5.9435724850727146e-5, -5.8873609594616366e-5, 0.00019681397724596148, 0.00022762313603383108, 1.4283993749771183e-5, -0.0003238467597426743, -1.4865121961213544e-5, -0.00023059998745167588, 1.5142953497933152e-5, 0.00015298803775448566, -0.00022477120128670542, -2.6637141057821967e-5, -2.361313322683245e-6, -0.00010159838145465292, -0.00011166446083947846, 8.509819948806632e-5, -3.3300300349436195e-5, -1.3400065585517554e-5, -0.000509775071370676, -1.4968261582144454e-5, -0.0009773645200838327, 9.4451423528878e-6, -1.4135406962188242e-5, 1.8351594612034355e-5, 4.515186677083709e-5, 1.1965093468578956e-5, -7.073587639747875e-5, 2.3955828439121696e-5, 2.7939025657600276e-5, -6.38212269994115e-5, -6.65310092427917e-5, -7.508096387153256e-5, 7.118354379639467e-6, 7.683759832190735e-6, -2.7302521831654138e-5, -2.3322779589092566e-5, 1.4910614410779349e-5, 1.085994223886188e-5, -8.85069214392394e-6, -2.766998863703829e-6, -1.4184626067976335e-5, -3.264841760610747e-5, -4.755769558389673e-6, -0.00015232281855865007, 9.227110679807687e-6, -3.347484855327791e-5, -3.6280989814455207e-6, -1.34548336699822e-5, -2.496381587061598e-6, -1.0787997987703623e-6, 5.712432713202507e-6, -2.471731270817953e-5, 3.2197591223489333e-6, 5.301512690906644e-6, -1.2252760815487263e-5, -4.8542125127600756e-5, -1.547931942426979e-5, -6.44369574636305e-5, 2.36979970387825e-5, -1.7039494146758052e-5, -1.6559358713439425e-6, -1.8776314663164378e-5, -2.330351550141191e-5, -4.07298391134006e-5, 1.192113913265212e-5, 1.4014112773334211e-5, -0.0007582964185334078, 6.262720500555597e-5, -0.00020665976421783928, -1.7360009579047946e-5, -6.145860588429437e-6, -2.025979852721866e-6, -5.818717108876091e-5, 3.025723487850554e-6, -0.00038655365708048517, -0.00015727237562383178, -0.0012797116980679526, 0.0003130750292291754, 0.001200902171939724, 0.00022540715828569911, -1.1572523244916223e-5, -2.3822805320867727e-6, 1.4264820715370325e-5, -0.00019596848575594773, -2.821554621962601e-5, -0.0003144318638912655, -0.0005329881545906286, -0.01146999157445414, 0.0002873285462686064, -0.0032349352287480843, -6.27685090089399e-6, -1.745095691107971e-5, -1.9068954195450095e-5, -0.000363417271616508, 3.072431827531532e-5, 0.0002391422065431827, -0.0002908527559742253, 0.0014827654332106044, 1.724400659496654e-5, -0.004552336077731371, -0.0006941812135049203, 0.0009819630361761573, -0.00019409826720505696, 0.00013349773601291956, -0.0001126120323540952, 2.9978189102375347e-5, 1.6415521854199456e-5, -0.000494813647596027, 0.0009681938600359875, 2.462486674946547e-5, -0.0027182116586362865, -0.00012146139397121414, -0.0009823785439399119, -0.0004220848949411679, 7.725073611664689e-7, -6.213224016991357e-5, -2.512604638071962e-5, 9.211546439424233e-5, 9.118116480946993e-6, 5.268634799506526e-6, -0.008390655613398385, 0.00013764627329199635, -0.00010122342234830903, 0.00030598885722227064, 0.0003489018875555227, 6.20293200384736e-5, -0.00045173298848947733, 8.55228195604029e-6, -0.0003308024834585656, 2.8368688603087142e-5, 0.00025773442586447056, -0.0003551680103346083, -5.4042673917938505e-5, 1.0391488213008704e-5, -0.0001538472759714505, -0.0001535845489424904, 0.00013371916793161363, -7.64614145735209e-5, -5.35014271481698e-6, -0.0007751534441574786, -4.212507400496561e-6, -0.0015209259527292245, 4.239192985594544e-5, -4.464041767100628e-5, 3.089519882581974e-5, 7.16658201033877e-5, 2.5427397003771545e-5, -0.00012075101635780455, 3.683292576701719e-5, 3.3929356623748354e-5, -9.771824196400818e-5, -7.647710815869941e-5, -0.00010267295771498025, 2.3463884184148914e-5, 1.5919733083823315e-5, -2.1882267724261666e-5, -3.0222771842912788e-5, 2.159400161705668e-5, 1.7995559081332746e-5, -1.978826853840082e-5, -2.899495854887196e-6, -1.9333993999820976e-5, -6.61127706590669e-5, -2.821030428092686e-6, -0.0002298370941596253, 3.891803267261633e-5, -2.2272594886094134e-5, -4.723745317633024e-6, -4.534042427692399e-5, -4.62595037317072e-6, -4.870337418100168e-6, 9.5917289624622e-6, -7.279454212673304e-5, -1.3282583443315432e-6, 1.0965692755473363e-5, 8.96440084799505e-6, -3.622205234637895e-5, -2.184574468984422e-5, -8.504295826861188e-5, 8.56488124176689e-5, -2.8271574800189644e-5, 4.848047242973508e-7, -2.3158304209767736e-5, -2.509214182827119e-5, -4.498987537527854e-5, -7.768707324897947e-6, 9.576983277579232e-5, -0.0011675604091254256, 9.647477911516449e-5, -0.000371708073943538, -3.1085660617536475e-5, -3.833452590785381e-6, 1.3579399539605471e-5, -0.00010308113905359406, 2.7769078381503505e-5, -0.0006100900902778131, -0.00025829193732691504, -0.0019285676624902339, 0.0005145390130837311, 0.0024201373756075747, 0.00020677119854060357, -1.6559512962338047e-5, -1.503338231727477e-5, 2.7128706563388542e-5, -0.000333009555936697, -4.179282526792965e-5, -0.0006037147928350808, -0.0011177720213383826, -0.022936165607606356, 0.0005054248616878766, -0.0070703866006289655, -0.0002739874443555875, -2.638627782146966e-5, -6.762080490257674e-5, -0.0005131023633494757, 7.315465646590346e-5, 0.0004896553286935759, -0.0006497273261774504, 0.003095887954268896, 5.42674324302548e-6, -0.009371755186681607, -0.001526953734165306, 0.0020570022893050266, -0.0004077944974240881, 0.00028186247552879757, -0.00023250354324686858, 5.691454390774592e-5, -1.9147610216989895e-5, -0.0010610336276661223, 0.0019197148958476566, -1.123134410037408e-5, -0.00519437457165432, -0.0002115848852281944, -0.0019207049302112035, -0.0009663477339699171, -8.791829010439859e-5, -0.00012768958086284776, -2.6376828615238998e-5, -8.827121237333963e-6, 5.9883213673738834e-5, -0.00012643972523667852, -0.01661704878585213, 0.0002557229659776623, -0.00017226886225218675, 0.0005684391122813515, 0.0007238153390681477, 3.098917931735794e-5, -0.0009068478431108458, -2.8919370578083545e-5, -0.000594587709163687, 3.9381763164138954e-5, 0.00043228760157577374, -0.00033928153664922384, -0.00012316680647397473, -7.515738601435855e-5, -0.0002736700913392635, -0.00034946135484378925, 0.0002613181373712629, -0.00010729364645945215, -4.854725947684231e-5, -0.0015160308631766428, -4.909719094253186e-5, -0.003004253036334656, 2.649707956425756e-5, -7.591931046968353e-6, 2.154642223081015e-5, 0.0001773070329205668, 2.1695533592239405e-5, -0.0002166883204159663, -1.001580104499405e-5, 8.492098178718004e-5, -0.0001949828244094271, -3.4058343047316524e-5, -0.0001754456097181349, 4.4304062933881076e-5, 1.8054437339991113e-5, 4.696923780016665e-6, -7.27720667852621e-5, 4.39543371904525e-5, 1.073454280032294e-5, -2.6931220864628073e-5, -1.3279797016516092e-5, -4.3760159625942795e-5, -1.9894261054111795e-5, -4.151576098517365e-6, -0.000459632129442627, 1.7048915994998195e-5, -2.857472314988238e-5, -1.5700442849520383e-5, -2.7398353995148462e-5, -2.5398076765630958e-5, 4.830818349556331e-7, -7.59497470300095e-6, -2.1072274085826867e-5, -1.196228526233829e-5, 1.3120635818095217e-5, -4.329875730820519e-5, -0.0001160463274818612, -5.875070234488382e-5, -0.0001084827882637761, 7.083261654761531e-6, -4.4058154635719855e-5, -1.8663227900943733e-6, -4.862352518768705e-5, -2.5708389321804736e-5, -0.0001330484223275114, 3.94555429129855e-5, -5.009660419813173e-6, -0.002328799645180976, 0.0001990204428161646, -0.0004377180664816494, -0.00011510925459358253, -3.9762401573807955e-5, -7.787493363254593e-7, -0.00021512771987063122, 4.219520910446917e-6, -0.001232451702252829, -0.0005207009408056779, -0.0034748436383859114, 0.0009156549850108442, 0.025215494692651722, 0.002599257888496025, -0.00012563853618884657, -0.0001876040643764991, 0.00032692053313161196, -0.00321996012628611, -0.0005186998872238419, -0.00569341754622733, -0.010740781867507817, -0.23351566280674638, 0.004540222266198495, -0.07241814389844296, -0.0023074010656671234, -4.398897246100531e-5, -0.0007198514069547365, -0.004917550771756828, 0.0009030421723015985, 0.005145541493320646, -0.007251116967407913, 0.032350509966171496, -0.00010783619648976001, -0.09541117461608074, -0.01972401736673439, 0.021962039431493326, -0.0047139522014417925, 0.0028519325372116837, -0.002435698420996264, 0.0006511379635862612, -3.360509975892966e-5, -0.010684928293030563, 0.01991020205776797, 0.00012637760100350103, -0.05253999340361848, -0.0013022955495020875, -0.020328997307995346, -0.009730383143432103, -0.0010717146336464256, -0.0014046927944581771, -0.00021281990218101254, 8.925415489999543e-6, 0.0007940401898704425, -0.0012861173350324068, -0.16968604798706116, 0.002914459773339877, -0.0017711166910185257, 0.005826901751845317, 0.007369466440747162, 0.0002907297552595951, -0.009268828599210221, -0.00013756617389654215, -0.006086477877089777, 0.00034010781641629495, 0.005348666660602205, -0.002898594681612255, -0.00024225590678276222, -0.0005406040542014473, -0.0026950559911301246, -0.003531024151786984, 0.002738119796157593, -0.0009541762445363398, -0.0003589130931940305, -0.015362211629501693, -0.0003995309568368008, -0.030575183049688304, -5.1300251532058826e-5, 3.816629484750132e-5, 0.0004257822295450962, 0.0019354918692369842, 0.00027929103732210854, -0.002117004923633655, -6.148332046661373e-5, 0.0009255770570156776, -0.0020991473747636177, -0.00021485769190819227, -0.001675375435800237, 0.0005235974859668616, 0.00013959276315127607, 9.618949985453095e-5, -0.0008121071822611275, 0.0005061519744089369, 0.00030151241820346663, -7.407145077500268e-5, -0.00011912909122591219, -0.00047286613623360416, -5.2121714680103574e-5, 6.132504235860743e-5, -0.004777166965055875, 0.00020273745395081488, -0.00021950523009599843, -0.00018308093128495027, -0.0002400921690226898, -0.00014103630136886265, 5.337872328581663e-5, 3.2081668044470755e-5, 5.509002320659897e-5, 0.00011006039283268014, 0.00011909524203031778, -0.00036924045798556935, -0.0010696571535960926, -0.000552826123619137, -0.0010259683535231436, 6.387810153617727e-5, -0.0004662352558433617, -2.889673089000471e-5, -0.000434542438354294, -0.00014426530189519363, -0.0015499606775569792, 0.0006445454164667917, -0.0005974830851730636, -0.023879252068468148, 0.001990690734608005, -0.00434214328785314, -0.0002640438156457237, -0.0004249163980772258, -4.545584964162507e-5, -0.0021491172021343673, 6.809237951607057e-5, -0.012567380867765553, -0.0038662531358636537, -0.03533103889826881, 0.010133025793461505, 0.004881677297329256, 0.0005701034036622836, -2.7720291972897047e-5, 2.268594683611233e-7, 6.639342237345644e-5, -0.0006731265389229747, -8.671099497595338e-5, -0.0012505831883274868, -0.0023738647797118743, -0.04816814239831576, 0.0011410448937075278, -0.013944550491362229, -0.00035001617402501074, -4.983004248709639e-5, -0.0001312977106348136, -0.0010588795534710975, 0.0001938577202155245, 0.0010317240498639822, -0.0012835347013984272, 0.006421179994618884, 3.3352645437032165e-5, -0.019436162492763077, -0.0028966959572352775, 0.004545575757427603, -0.0007810558937118323, 0.0006164871132850868, -0.0004912718282466312, 0.0001231100672273665, -1.3706734152504067e-5, -0.0021005786442691086, 0.004019635819528337, 3.458850072677963e-5, -0.010686771645048531, -0.0004621016776893329, -0.004040402791228437, -0.001898368446676479, -0.00019006348375004902, -0.0002710162758668607, -5.7916386624040385e-5, 0.00012274087590858983, 9.696844384715115e-5, -0.00011543202035407285, -0.03477535816501923, 0.0006015494071662237, -0.00036284700176882783, 0.0012087114577656198, 0.0014550385821059928, 9.022825235232758e-5, -0.0019184020428738625, -5.0734984043670977e-5, -0.0012710527475158775, 9.210053740861537e-5, 0.0008428605636803673, -0.0009144485596141872, -0.00013972916054393004, -7.680160260350708e-5, -0.0005472896008450258, -0.000691119955970284, 0.0005435492173761305, -0.00021592405395474816, -8.710652212252287e-5, -0.0031734364477895216, -9.169375720691005e-5, -0.006305787791802689, 7.498505404023128e-5, -6.008250977752118e-5, 7.407529366780219e-5, 0.0003858301265017531, 7.794867709757922e-5, -0.00043978543427830824, 2.961522576586833e-5, 0.00017571318672971427, -0.0004086129657663766, -6.25723596865621e-5, -0.00033866211199157654, 9.109238476162461e-5, 3.676239079435169e-5, -5.1274135151004855e-6, -0.00015851795003382822, 0.00010113876287169467, 5.625630948034916e-5, -4.7900818442374446e-5, -2.024719910358809e-5, -9.287329660179428e-5, -5.002957559186891e-5, 1.3364456949551481e-5, -0.00098599241241007, 4.163043279062023e-5, -8.097607891925852e-5, -2.6341859006607532e-5, -6.679684807242383e-5, -3.749889879192474e-5, 6.109269496434933e-6, 1.8659477540155984e-5, -5.578458833596361e-6, -1.0797041543217778e-5, 3.272524469485028e-5, -7.155807469219468e-5, -0.00025455104886907897, -0.00011439719451767619, -0.00022043882498454213, -1.7104051734136002e-6, -8.516523179609435e-5, -9.184644245150758e-6, -9.157785195319397e-5, -9.056024023886348e-6, -0.00021169614613387672, 5.8662965036052956e-5, 2.108431156479131e-5, -0.004907938297848597, 0.0004015467203048506, -0.0011330636379574786, -0.00013493164180053166, -0.00011261548541716772, 4.0293724565810535e-6, -0.00046768686026546567, 3.148239868630326e-5, -0.0025203995511890055, -0.0008703887524744885, -0.007523605046646012, 0.0019505030879497026, 0.011776557276165271, 0.0028635021518048313, 0.0002551920178065384, 0.0001292712531664416, 0.000130232215179606, 0.0015782730544562215, 2.6546013162457828e-5, 0.012787598253313165, 0.006564507682897701, 0.06993862355985288, 0.0009626053758944014, 0.010201509396096793, 0.0006907311210298873, 4.431736381603776e-5, 0.00015564476147559496, 0.0006437236059668931, 0.001242622127723499, 0.010357862365340581, 0.0006210012926048282, 0.003428500034386639, 0.14278273335400565, 0.007082626900119757, 0.09544130948709874, 0.002197811415136981, 0.0002910696350870833, 0.0007184109975944183, 0.00770738704055273, 0.00016096838834319036, 0.0005650951532507955, 0.019976645448868593, 0.06712766076143101, 0.0003343208821011912, 0.26078993944078427, 0.0009999856605403513, 0.061186877310641034, 0.018034967614687692, 0.002656761958475843, 0.00016204385176726025, 0.0006176918721482098, 0.00012276181296129045, 0.0011021368118132179, 0.0014975534728250066, 0.1519882377546914, 0.0025930713678346392, 0.0006757765493186024, 0.0012874656424977941, 0.0010754323775769362, 0.0002377676225205945, 0.0025190756132555687, 4.921506267728839e-5, 0.0010105932455899665, 0.00018031813555889007, 0.00037048426107278267, 0.03450373290262978, 0.0015131456083302501, 0.0010775015075247397, 0.005231328484076251, 0.01092719918192399, 0.00048803006952442384, 0.006333210791286192, 0.0001699230442905699, 0.00725483428327197, 0.00027608137856519266, 0.029852621900857412, 0.00026550978027716345, 0.00016555416970103485, 9.331737085951771e-5, 0.00029786101813383266, 0.00023448219297909516, 0.0029990151440503023, 7.874655819313627e-5, 0.00022231168297400826, 0.005923954411975275, 0.00016715407333962426, 0.005763467552310388, 4.8338624317489325e-5, 4.9139321279880465e-5, 0.0006826796724229239, 0.0029864741897818437, 0.00010753966220050175, 0.00029038244757223264, 8.756870495523282e-5, 0.0008199348729084395, 0.00014614988633106606, 0.0001030780827122598, 0.00012969961391751483, 0.002763437443086103, 0.00019802077822347024, 9.129399360023573e-5, 4.631244516399257e-5, 0.0006650006646840559, 8.04063812132836e-5, 4.208294612423054e-5, 3.250342221592416e-5, 0.00036883104121283075, 6.0458200237299516e-5, 2.7982972152429887e-5, 0.0015211973085947135, 0.0001212517779528372, 0.000825954179784597, 0.0002001270326848216, 7.083803415792557e-5, 9.584542048644329e-5, 5.4506102821110305e-5, 7.807762158755247e-5, 5.745392825791303e-5, 0.00023468152340550512, 0.00021219161047859175, 7.455613176074082e-5, 0.004198348817881639, 0.00011164223043529633, 0.0013887573353779214, 9.125650398139326e-5, 0.000714019075629444, 8.572354676359005e-6, 0.0005938650331209025, 0.0003948845827103965, 0.002353984737927498, 0.0005849819288220239, 0.003436104748331563, 0.025178397000116065, 0.007882927225136945, 0.001845239097045951, 0.00018932894120326455, 5.1029979223323835e-5, 9.8502037426685e-5, 0.00105277384941433, 1.6954926917064222e-5, 0.008509680030653341, 0.004430645756648093, 0.0464973924800998, 0.0005930979577473831, 0.006826174455677487, 0.00046597852182216336, 3.096708364364551e-5, 0.0001101254655062056, 0.00042697085210296776, 0.0008236473302469673, 0.006884867966329393, 0.0003803158117709764, 0.0022393233297101087, 0.09501058240028479, 0.004703839132210535, 0.06381870354653914, 0.0014604132001113238, 0.00019308275116507875, 0.0004948767987044639, 0.0051566239681317665, 0.00010537626766800645, 0.00037102126708475717, 0.01328181727822589, 0.0446507197753047, 0.00021206253049789347, 0.17308505787799233, 0.0006257768050821748, 0.04065187676211462, 0.012020672011780047, 0.0017822218202067366, 0.00010735713012819475, 0.00040615436079876195, 4.296828487590548e-5, 0.000737129093122193, 0.001013085751559115, 0.10095399460462073, 0.0017989644010464655, 0.0004427623485704161, 0.0008704352835709462, 0.0007388359592252489, 0.00016453693781575004, 0.001670626133073883, 3.438490666366014e-5, 0.000632677508750154, 0.0001126663993699239, 0.00020550339029772315, 0.023105829474856572, 0.0009946060392928677, 0.0006819035107489341, 0.0034659838535401363, 0.0073138461622323896, 0.0003255730059952405, 0.004261964122679915, 0.00010228514453839524, 0.00484469009196382, 0.0001848196294632817, 0.019830542935823023, 0.00018344946295205172, 6.921623592137957e-5, 7.212440392342675e-5, 0.00020270695133281307, 0.00016179708132006508, 0.00199715753796383, 3.963227004486095e-5, 0.0001490597683152771, 0.003961768199467512, 0.000133819213219614, 0.0038415322850776884, 2.8315303916999625e-5, 2.9481332358362123e-5, 0.0004381224955607405, 0.0019947488400372496, 6.465465418094502e-5, 0.00020470271697543344, 5.172604999798208e-5, 0.000545986683203363, 9.68620496354868e-5, 6.393689809197109e-5, 8.891851854522577e-5, 0.0018490687376000938, 0.00013938551824344136, 8.629088827246256e-5, 3.1769452414168926e-5, 0.00044432419389060627, 5.615102837473472e-5, 2.4480546684395543e-5, 1.6744449833108057e-5, 0.0002473609090800624, 3.068531671831736e-5, 1.9837887872745347e-5, 0.0010125748447666863, 8.317767741076578e-5, 0.0005303444768965144, 0.00014674870259908128, 3.629697780908316e-5, 5.6733624136500194e-5, 3.696173460505188e-5, 5.603702360029106e-5, 4.576830919624852e-5, 0.00016655187022687575, 0.00013891870035051253, 3.6108233420906275e-5, 0.002781601718454518, 7.503103255653212e-5, 0.0008658729933533816, 7.925532950166666e-5, 0.0004840610266817872, 5.687727388226168e-6, 0.0003965184089834431, 0.0002584366201106647, 0.0015145140853312896, 0.00040384826807401633, 0.0022687545113612454, 0.016732839381266233, 0.0017045275998393093, 0.00033740227498194476, 8.102519028450643e-5, -2.24608289723202e-5, 1.0556944806055649e-5, 0.0002079833398794319, 1.57025733422987e-6, 0.0018390156617324345, 0.0009247871901156305, 0.010029520989918472, 0.00017539203135734428, 0.0014778940077250049, 0.00018322989660817123, 2.2414640406157972e-6, 2.8240904740195584e-5, -1.9540337022649147e-5, 0.00016571913391913012, 0.001490972935175495, 0.00011496833883073333, 0.00048705030697899983, 0.02038512579763056, 0.001062982692659785, 0.013638092083964009, 0.0001281985842508726, 6.001534088670857e-5, 0.0001099066897403432, 0.0010889521862220085, 2.4945399736915104e-5, 4.809730414763573e-5, 0.002841442047820313, 0.009587091235552353, 6.920430366963075e-5, 0.037156135569896, 0.00018811648815962733, 0.008744826680275894, 0.0025921082532837265, 0.0003519337913559346, 2.8258410301128593e-5, 8.302746474521324e-5, 4.736443650337513e-6, 0.00016226212542048106, 0.00020308510778049946, 0.021710604107515147, 0.0003467571764544996, 8.485218620755944e-5, 0.0002014925037678465, 0.00014175356853261782, -1.3846504890761373e-5, 0.00032731053014054565, 6.941479022192451e-6, 0.00011658307209075804, 1.5262925196206886e-5, 6.531693001667552e-5, 0.004828756533759276, 0.00022615931733797412, 0.0001105141077543691, 0.0007468447636840477, 0.0015809402274832762, 6.753122515343344e-5, 0.0009383285100580852, 1.1752824336558294e-5, 0.0010311831258094193, 4.354024088130363e-5, 0.004273504757017448, -3.3620367259973924e-5, -1.418058882424286e-6, 3.367094088947688e-5, 3.0481688180635648e-5, 4.018377115639577e-5, 0.0004305647894259031, 4.798383488786757e-6, 3.927441943946687e-5, 0.0008570181432167071, 1.3448066151602007e-5, 0.0008120107026277369, 1.3103843601788851e-5, -1.1718520062301117e-7, 8.516164092783914e-5, 0.0004298896334942808, 1.624249777887156e-5, 4.256447042367611e-5, 2.4525320147378272e-6, 0.00011633353377530758, 1.9566650198601047e-5, -3.2311703508115576e-5, 1.1111350018719233e-5, 0.00040291896465487475, 3.2721864996186746e-5, 2.3663551950945117e-5, 4.154481896250252e-6, 8.91748994874746e-5, 1.0978222877854158e-5, -4.054263402579562e-6, 6.078763863393035e-6, 3.629662094037627e-5, -5.05055576146651e-6, 1.1589928703840624e-5, 0.00021096161261615384, -1.6164512110642232e-5, 0.00010119237538247031, 3.014798809280478e-5, -2.008916651393712e-5, 2.442760255043274e-5, 4.754089003809418e-6, -1.4466599660485701e-5, -6.245910589853305e-5, 6.873256669744235e-5, 2.2576338290579453e-5, 8.95092696499223e-6, 0.0006126491835692042, 1.703209476592221e-5, 0.00015026974198008506, -3.8336208576391896e-5, 0.00010568103169859994, 2.81354187248043e-7, 8.305454688117135e-5, 4.9931984645950075e-5, 0.0002685614481165627, 0.00013253247320584057, 0.00036092579742201677, 0.0036050185561554175, 0.000922406634763242, 0.0003695405822718263, 5.0761446741324554e-5, 0.00010151046743693427, 0.00011392096336296328, 0.00017455598192097203, 1.3758426464345996e-5, 0.0010019569854900386, 0.0006171633112353077, 0.005534404415577426, 0.0001263073086180329, 0.000959058281425881, 0.00011017963590412337, 1.0733243935579302e-5, 4.000151093808871e-5, 0.00019754274825486065, 0.0001296376808228688, 0.0008023389460515687, 9.664050405608167e-5, 0.0003463473245345762, 0.010914287804586548, 0.0005857597071898635, 0.0076269054620101305, 0.0003767174967242109, 6.269809398904527e-5, 7.547609173971386e-5, 0.0006615887362411913, 3.6520456780463344e-5, 9.158066419857703e-5, 0.0016323623374003343, 0.005131228759975527, 3.4241146249352275e-5, 0.01997143101776377, 0.0001723470492260681, 0.004698959656738502, 0.0014867424833649035, 0.00027020644055611323, 1.6407381294404237e-5, 5.638868928321013e-5, 8.312577242169773e-5, 0.00012872785653431304, 0.00016301024304806984, 0.011593089814858041, 0.0002801611686862493, 7.927701357673072e-5, 0.00010912018218552525, 0.00015649668650813108, 0.00010909330974568898, 0.00024309052615749166, 3.177708372020327e-5, 0.00014436509721591214, 3.6501061670145283e-5, 0.00010673035754432004, 0.0029383126968150863, 0.00017847162642124154, 0.00017398649234627234, 0.00046627472760433656, 0.0008589864288102925, 4.7540524993065584e-5, 0.0005619452291053441, 4.5710985796176936e-5, 0.0006103101220337995, 2.9517736928348814e-5, 0.0022885011281051147, 0.00012972316344590106, 0.00010927703705178962, 3.4231860585920835e-5, 7.07506481380054e-5, 3.981810894588986e-5, 0.0002402077332509351, 4.227994067102777e-5, 3.509590827416834e-5, 0.00048680936979747134, 6.557628476900135e-5, 0.0004965526524412566, 1.8941942733084865e-5, 1.608707961370361e-5, 8.264623181797667e-5, 0.00025600714971684926, 2.6625043601898388e-5, 5.843894952351634e-5, 4.579713493248864e-5, 6.95039452450685e-5, 1.985329675301436e-5, 9.884916406821488e-5, 4.040250390422667e-5, 0.00022932369343495543, 2.7160349912079113e-5, 7.495197327854023e-5, 9.091795838815465e-6, 6.365729182748732e-5, 2.984827206419814e-5, 4.0559058990172274e-5, 2.3587981860623286e-5, 0.00010393466239300721, 5.584564893144085e-5, 6.062135255792949e-6, 0.0001331034145885647, 8.969485636362591e-5, 9.247655312061244e-5, 4.342422428449192e-5, 7.735906738687028e-5, 2.7087598805299125e-5, 1.6646950963072973e-5, 5.9827049546452534e-5, 0.0001245696484659234, 3.685319766093768e-5, 2.6786242255172557e-5, 4.279866094395956e-5, 0.00033829974456209944, 2.4294106364504777e-5, 0.00020598177795247094, 9.552956772484443e-5, 9.443110388024726e-5, 5.597201209095849e-6, 9.486872493626832e-5, 0.0001453888918645317, 0.0003334374967601395, 9.944434323342156e-5, 0.00041667940149577883, 0.001938891382722555, 1.2863490698043103e-5, -3.3792286744220915e-5, 2.0877386893592918e-5, -1.5499117399397988e-5, 6.846648680170907e-5, -5.240211342811039e-6, -4.761814975188918e-7, 1.9927503999074657e-5, -1.2890389279809299e-5, 3.5697917956279603e-6, 4.087493898168237e-6, -1.1144735120538381e-5, 6.253648127123476e-6, -2.9118188125615815e-7, 7.206525263149627e-6, -6.438335491051163e-6, -3.6581565599625857e-6, 6.868692972871732e-6, 8.79381309344229e-6, 1.6178015373190064e-7, 6.013686400933898e-5, 2.4928907098206793e-5, -3.0967260366037138e-6, -1.8951280553086187e-5, -7.108024064074786e-6, 1.2260033870095557e-5, -5.29276595288549e-6, 4.414639427599046e-6, -5.854393859214695e-6, -2.4068136867852362e-6, 8.376607734921562e-6, -2.8954721251744283e-6, 8.674080195592235e-5, -8.38908674575154e-6, -4.372160419874634e-6, -2.0681148288166245e-5, 2.87287290670225e-5, -1.2630786141794322e-6, 3.9071506642860215e-7, 3.04892433615544e-6, -2.370676543754954e-6, 1.580926896738362e-7, 4.388073238701928e-5, 2.691878887182015e-6, -1.999916625653568e-6, 4.145784239294254e-6, -1.4608884642138616e-5, 2.609072098726396e-5, -1.0885853221741262e-5, 1.9521156367085772e-6, -3.5792928786088896e-6, 3.7588149602891916e-7, -8.928124380836077e-6, -1.0648401377360317e-5, 5.5352860032113545e-6, -1.0131983488225248e-5, 8.057612393568853e-6, 1.0932651507442716e-5, -2.78739588406092e-6, 1.795906880972308e-5, 1.0491762338668788e-5, 1.3161663710729385e-5, -5.103557519386795e-7, 6.3456138744457325e-6, -7.100537391429736e-6, -5.288295797940319e-6, 1.2159811397141616e-5, 2.777064344344531e-6, -1.9092115195797054e-6, 3.4404863391894135e-6, -7.96595245075862e-8, 1.0326375201445246e-8, 5.162979686577479e-6, 1.6066275192721595e-5, -6.600225227642481e-6, 2.4113601824570887e-6, 1.4413264759565517e-7, -1.935644550105707e-6, 1.2388303102490297e-5, 1.5561469745908594e-6, -3.097611938483988e-6, 2.218348882396297e-6, 1.2953645173551978e-6, -7.389379917838974e-7, 2.9976965462337066e-6, 3.3715612309122403e-6, 8.09199437076853e-6, 2.9207097871451733e-6, 2.9783927190740712e-5, -1.4460784133997444e-6, -4.0924790723927365e-7, -1.7430589154582986e-7, -6.004354667486889e-6, 7.560120458214326e-6, 1.54975143279443e-5, -5.902464146454205e-7, 4.6277710376435145e-6, -1.4619998897042036e-6, -1.948830218929325e-5, -4.61206212014049e-6, 1.199142404637192e-5, -9.891865948305094e-6, 1.1729715759634936e-5, 1.0765887849486288e-6, -1.4178266699062629e-5, -3.158701560071058e-5, 1.8651285146471246e-5, -1.7302528484191875e-6, 3.487500710584948e-6, 3.203504415781796e-7, 4.0674308744528825e-6, 4.398231816850641e-6, -1.948006606971161e-5, 9.890774820757303e-6, -2.492522137871744e-7, 2.216571122357812e-5, 5.450242912448641e-5, -1.8199480784326064e-5, 1.153738225437096e-5, -3.7695871782953705e-5, 1.3439184588087584e-5, 5.902773502860496e-5, -2.2060455039560603e-5, 2.2327620170573463e-5, -1.2350095535752946e-5, 7.070324671384437e-5, 2.4112641502482415e-6, -1.9413744087124615e-7, 6.823961430825527e-5, 1.645543816244413e-5, 0.00026965880156541255, 6.2703414140797715e-6, 3.175108527209788e-5, 7.0228505595504105e-6, 8.596876166228642e-8, 8.651725661184471e-6, 1.7403666809779253e-6, 2.008520818409377e-6, 4.645214723735345e-5, 1.0917203353442586e-5, 1.4313140603021921e-5, 0.0006059767269247082, 5.394504631404007e-5, 0.0003672347039602695, -4.956563079909992e-6, -4.914546876426939e-6, 1.6575924509318015e-5, 2.6633034185652563e-5, 5.470523309232511e-6, -1.845290564716159e-6, 7.414842020666636e-5, 0.0002651734331007913, -1.353406098102369e-6, 0.0010764723205203925, -5.31053285093423e-6, 0.00023004869753666298, 5.084485115252412e-5, 3.945040332440346e-5, 1.839185325985162e-7, 2.7995521819710986e-6, 2.540522077802478e-6, 3.5868903877980616e-6, 7.00440034170873e-6, 0.0006231326371640778, 1.521010910681377e-5, 9.040157618135216e-7, 9.255560321263461e-6, -7.788706694449842e-6, 2.8202239363251867e-5, 7.199834583222996e-8, 3.0039139724214286e-6, 6.593213403539581e-8, 1.3786780473612495e-6, -8.233364170501859e-6, 0.00012109268899283047, 1.2751810431110557e-5, -5.315856941617325e-6, 2.7505980163280714e-5, 5.2727195381328987e-5, -5.692618145716738e-7, 4.19483938571161e-5, 1.1291023811228469e-5, 4.054490218850704e-5, 8.140874374577029e-7, 0.00012009998060741588, -3.3066579295389656e-6, -4.4046491596587336e-6, 1.230032268980952e-5, 5.207306449255533e-6, -6.247032900840955e-7, 1.4952420948598765e-5, -5.0507798807121377e-8, 1.0846391331431377e-6, 2.81982628687925e-5, 1.842464255650001e-5, 1.6654482519862818e-5, 2.6121871386923744e-6, 4.527448636545037e-7, 1.0868046104329148e-6, 2.324824341346146e-5, 1.8409593843643536e-6, -1.1386571488047679e-6, 2.4931031473879593e-6, 4.5805628979808025e-6, -4.255393727138608e-8, 5.528643568034427e-6, 4.767788394383066e-6, 1.901984219087701e-5, 3.955776305835392e-6, 3.1254669957196344e-5, -1.0939772838436104e-6, 2.380799913384028e-6, 3.0026126565324425e-7, -5.181187848158337e-6, 7.63590042628393e-6, 1.8977206959679078e-5, 7.516833937362745e-8, 4.975128080445791e-6, 6.078691532908526e-6, -1.6358135195759937e-5, -1.794628456468523e-6, 1.3082951358271165e-5, -7.96296156526461e-6, 1.2047277164402716e-5, 1.503470650761636e-6, -1.2349008410914699e-5, -2.6676780523310928e-5, 1.9510308645488803e-5, -7.80841765367067e-7, 3.7340949114503334e-6, 1.6854163690183046e-5, 4.4703399292672665e-6, 9.031870675474644e-6, -1.5469837980662935e-5, 1.374483913339153e-5, -1.7917763625521616e-7, 2.4944432582065627e-5, 5.7737380141987665e-5, -6.609833306652524e-6, 1.214605797145019e-5, -2.077974884178935e-5, 0.00011083622246128921, 0.0011024268832821235, 0.00041150930079195727, 5.264069451499189e-5, 9.462544581862178e-5, 0.0001162899486233622, 0.00019625378473378522, 1.3599999998790842e-5, 0.0011954786490682933, 0.0007084032835265298, 0.006620406324518572, 0.00014250258957656517, 0.0011105544652105833, 0.00012023649387881559, 1.116159539722446e-5, 4.1390745145905125e-5, 0.00018703284393166276, 0.00014711666858682667, 0.0009594343655564516, 0.00010527588780541891, 0.00039387724570689303, 0.013089760502315705, 0.0006910163603914253, 0.009100286794572322, 0.0004000966457734953, 6.386962791319771e-5, 8.381449607342479e-5, 0.0007711141414366445, 3.6814358214396754e-5, 9.69700789452398e-5, 0.0019439089673483803, 0.006153460432333147, 3.799744069212227e-5, 0.023955958898911868, 0.00018648973227519471, 0.005638321878050454, 0.0017576266109966456, 0.0002977990840008101, 1.7090444629579554e-5, 6.569872364169478e-5, 8.356707773743984e-5, 0.0001400810201267761, 0.0001847398220441077, 0.013911701306166362, 0.00031789877853341953, 8.926101473320601e-5, 0.00012884165880866854, 0.00016624357840379464, 0.00010226703552747598, 0.0002779949200835458, 2.971747999205007e-5, 0.000159658214698252, 3.82968580008005e-5, 0.00011171530527896453, 0.0034789959451258685, 0.0001968947293218341, 0.00018669727608102771, 0.0005446909440949822, 0.001023178120417268, 5.401761583215591e-5, 0.0006508192270833511, 4.733119811777481e-5, 0.0007195936385042618, 3.3205507085579044e-5, 0.002744176428220881, 0.00013034397298746175, 0.00010884504058940433, 3.477266344692604e-5, 7.192718298066758e-5, 4.217604515597249e-5, 0.0002846025367419108, 4.3518210823686395e-5, 3.760325658171047e-5, 0.0005747906883550047, 6.647852303222105e-5, 0.0005845856321001757, 1.9009773301241798e-5, 1.670402918675176e-5, 9.190607108077379e-5, 0.000298746842929845, 2.7724828984030944e-5, 6.069701137359227e-5, 4.68206506432273e-5, 8.224292224899511e-5, 2.1809069888142048e-5, 9.514007754335038e-5, 3.955304936445094e-5, 0.00026940339352171, 2.855093247064957e-5, 7.323903467171784e-5, 9.293202677562263e-6, 7.254720628718992e-5, 3.0343785487438975e-5, 3.9564787918289223e-5, 2.3673101600449637e-5, 0.00010752568688518729, 5.49638064948094e-5, 5.337249617689127e-6, 0.00015231726732263125, 8.524465783436085e-5, 0.00010403835782893212, 4.637357885086019e-5, 7.309685660467926e-5, 2.7391310003052792e-5, 1.710409022588371e-5, 5.676163994725284e-5, 0.0001137795305022171, 3.960532736537858e-5, 2.994343653641768e-5, 4.314961461929692e-5, 0.0004008989293548731, 2.6018848566809078e-5, 0.00022744570602806127, 8.617781169563834e-5, 0.00010492008915320986, 5.615248709205407e-6, 0.00010373007118914475, 0.00015259743747209815, 0.000362539796448283, 0.00010769334182484714, 0.0004650560767243962, 0.002324610649443092, 0.0018974819639455164, 0.000378841938061088, 8.868727526415656e-5, -1.8998914837485548e-5, 1.0831319014840638e-5, 0.00023633380715699877, 2.2635114445933292e-6, 0.0020504324401253793, 0.0010435424439137434, 0.011172712322571506, 0.0001937480985093499, 0.0016378136328637034, 0.00020191897001404228, 2.887839883282587e-6, 3.142992289996951e-5, -5.739370935891616e-7, 0.00018741215584640878, 0.0016593614970852723, 0.00012679715238721762, 0.0005486312489258624, 0.02271703987578399, 0.0011837154261360493, 0.015183580423616639, 0.00015621670889101055, 6.850416166254427e-5, 0.0001248651139739745, 0.0012148703363313996, 2.810116706037095e-5, 5.630859565392033e-5, 0.0031667441059540636, 0.010688422597930918, 7.83824257942176e-5, 0.04145434067736567, 0.000209855414031619, 0.009763412439164355, 0.0028886117735591587, 0.00040084248360896765, 3.254865155939863e-5, 9.27894377316213e-5, 5.666041892997229e-6, 0.0001868397839127691, 0.00022746430438749113, 0.024202983827577802, 0.000389098054898381, 9.551779531231755e-5, 0.00022407892500410175, 0.00015776010685906254, -1.147358855203737e-5, 0.00037041451897159243, 1.0681042527231756e-5, 0.0001291485124059427, 1.7894215044407535e-5, 7.425138704428829e-5, 0.005390492713939007, 0.00025482658906039377, 0.00012769430267414554, 0.0008280050977626997, 0.0017568720337316508, 7.585603394633534e-5, 0.0010344732294352943, 1.448197502755868e-5, 0.0011521087057843845, 4.8844281326516657e-5, 0.004764784548376401, -3.413579921807891e-5, 1.0349722748222568e-8, 3.686220171910987e-5, 3.463891399612083e-5, 4.544703812008646e-5, 0.00047852687111652365, 4.629304731660109e-6, 4.3972124684986353e-5, 0.0009518821233714769, 1.6259612894620233e-5, 0.0009083229049729236, 1.5001610368062405e-5, -2.1075741502234094e-8, 9.517131494145815e-5, 0.0004781577928566198, 1.8133019067276848e-5, 4.855249232573866e-5, 2.8424461869829895e-6, 0.0001297725128277958, 2.2043771367406465e-5, -3.255846457980277e-5, 1.4371652613289203e-5, 0.0004484413506142477, 3.76014634907084e-5, 2.1693502523793764e-5, 5.234782110940248e-6, 0.00010019376495993679, 1.3300305686073711e-5, -3.4353564210507423e-6, 6.079819351935507e-6, 4.388762660012435e-5, -4.654891581049938e-6, 1.2939362193549911e-5, 0.00023725777018340308, -1.4311366012315119e-5, 0.00011569305848039578, 3.210691753526625e-5, -1.7816502131677208e-5, 2.616750387293131e-5, 5.709241306193335e-6, -1.1029626494798799e-5, -5.69492052641305e-5, 7.40286094700601e-5, 2.5597066559950316e-5, 1.0084447317902929e-5, 0.0006842957677034982, 1.8967957224707627e-5, 0.00016597244187812802, -3.038532141490149e-5, 0.00011847482087188136, 4.321475824086622e-7, 9.019215239736759e-5, 5.3625572203150024e-5, 0.00030519516521952965, 0.00014615511635017087, 0.00040938804378199393, 0.00401773298770769, 0.008615470697703215, 0.002016996095566059, 0.00020429403092403847, 5.3603855263033126e-5, 0.00010173622873891339, 0.001150420829026162, 1.8163184101358997e-5, 0.009302103089575109, 0.004841035077398028, 0.05083286570964216, 0.0006488335473263854, 0.007447434571547549, 0.0005072495603008288, 3.351152874301159e-5, 0.0001191210791715741, 0.0004603712712015836, 0.0009005127254711334, 0.007524130243541564, 0.00041480011776780663, 0.0024480312236015633, 0.1038843309109302, 0.005138030689306747, 0.06973405440944924, 0.0015867799335581429, 0.00020857982744050272, 0.0005395654804080295, 0.005625584719537768, 0.00011356380776562718, 0.0004033422417365311, 0.01451948228337977, 0.04882987040032608, 0.00023202430456873219, 0.18928155718954112, 0.0006814691174429435, 0.04447452517003809, 0.013127637444482958, 0.0019384488724224277, 0.00011687417131806183, 0.0004438688434561567, 4.680698140229666e-5, 0.0008058888013590233, 0.0011045685645607807, 0.11039825850117004, 0.0019592720432686883, 0.00048443670457234744, 0.0009506098748132275, 0.0007993411779153304, 0.00017232856827597288, 0.0018257100487591455, 3.742642698579308e-5, 0.0006911693880194984, 0.00012267720216801756, 0.00022507083562544271, 0.025256406442021394, 0.0010850436307767407, 0.0007456270986133794, 0.0037813640034160385, 0.007985812584736462, 0.00035532984051861547, 0.0046371106467789835, 0.0001113899786607737, 0.005290535691809765, 0.00020166029184576876, 0.021686154289246407, 0.00019511953376366226, 7.432366325654299e-5, 7.790959819752289e-5, 0.00021785732414166879, 0.00017608805991076068, 0.0021801148288830485, 4.283250234719651e-5, 0.00016238889626094165, 0.004322919825425588, 0.00014307409871430095, 0.00419761941941729, 3.0511496917399027e-5, 3.1870267240671844e-5, 0.0004783862537431396, 0.00217518031929112, 7.05357097947245e-5, 0.00022221741854280667, 5.6198055436775104e-5, 0.00059693732294442, 0.00010565966704948993, 6.58128112916379e-5, 9.489694492807869e-5, 0.0020171220465337388, 0.00015164935256787007, 8.594844425199355e-5, 3.464576327767321e-5, 0.000484607663600878, 6.133058591594183e-5, 2.6083157392014858e-5, 1.7775775655330152e-5, 0.0002680090720319475, 3.239675055479088e-5, 2.1002230784216176e-5, 0.0011035349414064745, 8.613384793220089e-5, 0.0005806089850607139, 0.00015740989867748959, 3.806491700190294e-5, 6.116707275436714e-5, 4.007911442949197e-5, 6.024497397478512e-5, 4.6144765449004024e-5, 0.00018003767499968727, 0.00015173057368959728, 3.863813431102646e-5, 0.0030398705347697867, 8.163128937960283e-5, 0.0009445370628332362, 8.369754579348194e-5, 0.0005279275818166036, 6.141843322746162e-6, 0.00042935424271511044, 0.0002774187434827212, 0.001653519516819946, 0.00043915366404730354, 0.002475374640131707, 0.018296109092777485, 0.012433308160856372, 0.0030076416464606074, 0.00026766927812598064, 0.00012927931827000214, 0.00013097209273470547, 0.0016638467017648648, 2.74210765445937e-5, 0.013493151274959455, 0.006923227511488934, 0.07379218702773965, 0.0010076648173929093, 0.010747454588075115, 0.0007237320962516068, 4.6343645012352455e-5, 0.00016289297170066978, 0.0006705949591836218, 0.0013113215637640934, 0.010930530248424454, 0.000648547287960743, 0.003609785964001895, 0.15073582847168887, 0.007477241464498842, 0.10070359996347922, 0.0023080607547919622, 0.0003046571101326336, 0.0007577602691792962, 0.008127992042705808, 0.0001681295077751446, 0.0005936706462996516, 0.021071066295321798, 0.07087226227064287, 0.00035268150331714803, 0.27524290291685555, 0.0010455893849909265, 0.06459976779740385, 0.019021874812992067, 0.0027887268915393645, 0.0001711423082923816, 0.0006511002974498906, 0.00012212286647608737, 0.0011591550850784862, 0.0015789401598847949, 0.16044486169490418, 0.0027365581393363893, 0.0007120127984428719, 0.0013593219039110419, 0.0011325999134215573, 0.00024239946295278038, 0.002654720788097531, 5.096326128532717e-5, 0.0010577314750638957, 0.00018838553028588593, 0.0003828187644192555, 0.03638016765174676, 0.0015870176920933317, 0.0011264660001225944, 0.005512118536911515, 0.011528745922267325, 0.0005145606217895342, 0.006670069285805714, 0.00017734796518204432, 0.007643853590937476, 0.00029119235793071893, 0.03151172949290555, 0.00027397512334961414, 0.00016604689871618753, 9.720327750625136e-5, 0.0003135589432542793, 0.00024702626968028073, 0.003163087505988444, 7.989069253845026e-5, 0.00023379422856490084, 0.00624756633876011, 0.00017600232062261453, 0.00607853889425472, 4.947452618834033e-5, 5.1035335860187604e-5, 0.000717668831552939, 0.0031447774647582727, 0.00011178310014673919, 0.00030585865615854216, 8.999564822589983e-5, 0.0008652879810157947, 0.00015388458614013715, 0.00010439356705473226, 0.00013402046884851036, 0.0029123199223523057, 0.0002085541343827036, 9.268374618160658e-5, 4.874885019418025e-5, 0.0007006257816655272, 8.333246079262133e-5, 4.2616677953305264e-5, 3.260181279559182e-5, 0.0003861863123439746, 6.004047232336285e-5, 2.9041646808644475e-5, 0.0016038935575294776, 0.00012438110190261356, 0.0008665738147399744, 0.0002094947140356258, 7.08947227497132e-5, 9.878929141795814e-5, 5.696490270216826e-5, 8.122591804749197e-5, 5.731522688416139e-5, 0.00024640287512028814, 0.00022340452570051276, 7.546326854031075e-5, 0.004427160329542992, 0.00011678492864952905, 0.0014556491598320383, 9.477477412581477e-5, 0.0007523674997912493, 8.837789627607916e-6, 0.0006233946771521034, 0.00040915183905472117, 0.002468514284637238, 0.0006134484950845799, 0.0036204204209929107, 0.026579845115691454, 0.005457873707802023, 0.000917026627755333, 0.00018753169220016546, -9.817878114026663e-5, -3.332866042197844e-6, 0.0007170066363386728, 1.0204598136795774e-5, 0.005981502292388589, 0.0029337751599414165, 0.032298086239191344, 0.0004807927721411197, 0.004161993128648206, 0.0004434417507930157, 2.9366024995192107e-6, 6.694112423807994e-5, 0.0001851067109993772, 0.0005685434830291973, 0.004848312499169475, 0.00027624911189997925, 0.001523253104928445, 0.06639951101115818, 0.0033163729871229968, 0.043685100576885086, 0.0005956320986630684, 0.0001756138580548303, 0.0003087544759616488, 0.0035524937621617997, 4.7639083833726706e-5, 0.00014541477530403846, 0.009087588023023438, 0.031251888415644, 0.0002444483567357917, 0.121301639711745, 0.0005280820556565917, 0.028594294756629397, 0.008363230556418216, 0.0012152371654079405, 8.884356248856903e-5, 0.0002721022104087357, -9.595494309106997e-5, 0.0004736322441911878, 0.0006335966784240373, 0.07080431611819987, 0.0010195386284062547, 0.00025417176817415534, 0.0006345073499460492, 0.0004061645198199446, -5.2108431479749936e-5, 0.0011138599376082847, 2.1747673178353268e-5, 0.00025303109590016153, 3.15226263098215e-5, 0.00010367194549614534, 0.01523453593973166, 0.0005374454210350027, 0.00027743418555529245, 0.0023657378708299885, 0.005069875664202841, 0.00021859808022344122, 0.0029048754539956418, 4.38647866682025e-5, 0.0033066188799582234, 0.00013781453624703844, 0.013976635159785103, -0.00012408924673359089, -9.995458802780634e-5, 6.594670296845117e-5, 0.00011513092243725587, 9.542647257796263e-5, 0.0013924393751285167, -3.8327463744007436e-5, 8.761065442937549e-5, 0.0027473094344534223, 4.4904934961427787e-5, 0.0026441717739337073, 2.5268324698409903e-5, -3.2043650858962007e-6, 0.00024357220146155342, 0.001376655215855086, 2.625124829470669e-5, 0.00012595593509231732, -2.1064535308917778e-5, 0.00037579633471900297, 6.146676187044326e-5, -6.11963853504952e-5, 3.2790804341251714e-5, 0.0012696104847655675, 9.882821754619626e-5, -1.2249371556116555e-5, 1.8592519787422177e-5, 0.0003023102853608754, 2.3636802708329926e-5, -3.0667743899408466e-5, -1.5764618251973376e-5, 0.00015147820471828264, -3.631099452324277e-5, 1.5847826726228003e-5, 0.0006809762045714045, -5.9453936990919825e-5, 0.00033709987615419747, 6.856343623457548e-5, -4.249877771728971e-5, 2.5507657105382634e-5, 2.081820672502112e-5, 1.9149445119838116e-5, -2.4251069091765436e-5, 0.00014560924243791083, 7.80775359261608e-5, -3.983357696526732e-6, 0.0019758598645583567, 3.7985542223721993e-5, 0.00040656878976621244, 6.623111167160563e-5, 0.0003233180620128513, -4.754181860067696e-7, 0.00025661589640304383, 5.406353640522745e-5, 0.0007073919051218006, 0.0003316000637605709, 0.0012802224758884343, 0.011771853381452362]"
