L,J,Q,θ,ϕx,ϕy,ϕz,ndims,T,χswave,χdwave,dχswave,dχdwave,Δswave,Δdwave
11,1.75,0.6180339887498949,0.4487989505128276,1.5757963267948965,0.0,1.5657963267948967,3,1.4873521072935114,0.13874225828834913,0.14285165447647863,-0.10246553409462282,-0.10883276285559264,"[-0.00586134808726611, -0.03656300252667766, -0.02720483305879361, -0.037437604195278605, -0.005190603270669723, -0.037044625904860094, -0.031378009815756745, -0.019109964256503898, -0.010387564431637453, -0.02677006371571273, -0.029172391963274147, -0.01639812062517379, -0.018179820070187102, -0.013814015873960958, -0.027494677123308237, -0.03546347385383837, -0.025758226634265198, -0.005252646007161443, -0.018202694518512946, -0.016225715522916774, -0.02493503221543654, -0.00683682270478189, -0.016543554702118178, -0.014512237504161288, -0.012374774085842444, -0.0067455524749314546, -0.02608187889906444, -0.017691476806430285, -0.022236289566353012, -0.006010722387820082, -0.019923716879562202, -0.03440523074641888, -0.021220822687031935, -0.025897421051892494, -0.029678373057796956, -0.006916857406311031, -0.0345746848536563, -0.03275083843122074, -0.00799237374541059, -0.022035701277303456, -0.025172222386588994, -0.03285913820981972, -0.004696196891740043, -0.03454163104343765, -0.00901526833208128, -0.032002809042855344, -0.022175960482303966, -0.02543871751454943, -0.0067313872245985, -0.009771014915898654, -0.011284544332190475, -0.01810331919105901, -0.016796651858775755, -0.03152566285707884, -0.017877550015032623, -0.01963632644033496, -0.0057348469722435375, -0.03289492991239479, -0.03325648455803679, -0.03189850163559292, -0.010141504273114839, -0.020190737488805025, -0.021241486593894833, -0.007999301469669153, -0.025616649903832407, -0.019056448851850417, -0.019241564366448145, -0.04245952432387012, -0.041678165699202165, -0.0058581944935196155, -0.03735784700055407, -0.02585165308807811, -0.03605762517466996, -0.005177970232151561, -0.024890298866371723, -0.025182169378843964, -0.01571664034878176, -0.013331861880847356, -0.030112681357130702, -0.015270334866768775, -0.019320353534738075, -0.011848482528310163, -0.016496522059147072, -0.03783263191156971, -0.03179074945149, -0.01839465414571459, -0.008394074351335181, -0.012932015301279758, -0.035467121760491105, -0.04323755507794425, -0.016245846801852103, -0.022521083091303563, -0.025264605069584365, -0.023120002716428438, -0.005244178627667642, -0.03441144028453353, -0.02517474048336975, -0.03550896083347989, -0.006414911747598401, -0.03537949669055712, -0.00579814392904134, -0.02201946100166712, -0.023368522051586193, -0.025804219888618814, -0.011403670659939405, -0.031274296623523455, -0.025288217447796687, -0.0073932140672992004, -0.034056744366046436, -0.028172424676965367, -0.027373942096623572, -0.04023503226656188, -0.013658727595892439, -0.015531245741025141, -0.025909454145254193, -0.015316340112306972, -0.02301167953165913, -0.010944924441488693, -0.009629242489969629, -0.006900636678131294, -0.021512561951796412, -0.012188351556447688, -0.0317962705715241, -0.04772833170694784, -0.018496424759041476, -0.008061700371251217, -0.018874671175898215, -0.029017729138482145, -0.03959768570075447, -0.03379074710563022, -0.0260673594133397, -0.011592675253582463, -0.009528592021627097, -0.05184115182213542, -0.04554283559686199, -0.03409675866821282, -0.02158018079211981, -0.02921082148994577, -0.01122020026451613, -0.00899931826065218, -0.04041549226395147, -0.03269799832347474, -0.018347853381137275, -0.050663219473347634, -0.04974327356017849, -0.0078501252183797, -0.015248004240919122, -0.029251411352223942, -0.033748695362370504, -0.009513008135664372, -0.01590360074245812, -0.03507914627658086, -0.01805332667914657, -0.04037824612417383, -0.042632210495050636, -0.033502806348661214, -0.016317035148292677, -0.014515356466203482, -0.018438967736028693, -0.02149215302711146, -0.032691800280848685, -0.03283085271138017, -0.016468000946822135, -0.007013254152368081, -0.017728130042216055, -0.02728574024853188, -0.013383246785448142, -0.03266329018056243, -0.029785835256945413, -0.013958784558284011, -0.00598718632195619, -0.03801609657599802, -0.04370131823092428, -0.03992832180250183, -0.015980885311976594, -0.046247089042944944, -0.011135898690084028, -0.01019594580552356, -0.027282161113724696, -0.024923791495834825, -0.024316610755678893, -0.029064907165666856, -0.03939770307134982, -0.010429363284012432, -0.024239531736095794, -0.044173556363200084, -0.05582835952387623, -0.052429507606739714, -0.028367619638387333, -0.024292804816189766, -0.009784241261946946, -0.01687320677332207, -0.0404549877880937, -0.02595441557299769, -0.009336856191700556, -0.011126865587637388, -0.04171813287195244, -0.05474753565134203, -0.04104902265167551, -0.047773359017754265, -0.04472789448097256, -0.011467640460237474, -0.037861697546285385, -0.042412990723396306, -0.02299261517053106, -0.026177404617255685, -0.035559012617674586, -0.02305937037130905, -0.00813438085601599, -0.028252624798718783, -0.02200347699068547, -0.051893049937221165, -0.06839613906064139, -0.06132176271555102, -0.012352714407295694, -0.008535715731880264, -0.022843716042817933, -0.03166760020345405, -0.015821790212785184, -0.012489871709874183, -0.02454551178924529, -0.009313267892837233, -0.012929414441757799, -0.06778787702218139, -0.06109221436337501, -0.03727120618731613, -0.014294972101549498, -0.030358961430434418, -0.01716785879009435, -0.01776497529972553, -0.027794217899339297, -0.03016250242148087, -0.0192933869997079, -0.0412376705752141, -0.04992783446430449, -0.014060409034610526, -0.04167670663511009, -0.042530759082974615, -0.03486228488341941, -0.0059292959014972365, -0.01576848902167189, -0.03148564190208069, -0.013804831478535692, -0.025742865198634408, -0.04416317537833774, -0.015257494449022566, -0.008926676095758942, -0.014715450226080751, -0.02312826653034163, -0.0373558764972048, -0.038627316359147616, -0.02150304888999558, -0.009100086620767896, -0.008401367546727092, -0.05377746516572616, -0.05097750012045008, -0.029100514970607252, -0.015801140130736063, -0.023412898997342228, -0.012701960991832559, -0.007582580004552559, -0.039707899196339484, -0.027606172591409482, -0.02194398179864357, -0.05263917319479306, -0.054918250421864406, -0.007198540597380042, -0.01750648503219911, -0.02348571982439926, -0.030860566253627632, -0.007701513335231356, -0.018902420616738223, -0.03193805252815924, -0.013970124410523805, -0.03760577219764032, -0.03805591640212074, -0.028174813488195626, -0.018908288213821275, -0.010969071495182437, -0.01414928592378894, -0.0250319165137798, -0.028541624994034627, -0.027530282044197836, -0.013034480917909631, -0.0077649109159563376, -0.014358047428065944, -0.03343645337278475, -0.010711675473570895, -0.02763683622410848, -0.023686637725687038, -0.01560771879369766, -0.005540075819505238, -0.0426649258829596, -0.04239097713501731, -0.04065531365394517, -0.013204321698194396, -0.04798716201879018, -0.009809043488261998, -0.011285742218010862, -0.020255906900345677, -0.01807766481016613, -0.019119438421529012, -0.033491136885311135, -0.03697634201651283, -0.008832873193790986, -0.029633638386760378, -0.03913739202949678, -0.05629237184379961, -0.05461504955335043, -0.02235275538115989, -0.018862256645663003, -0.010782689494547117, -0.013570951123344163, -0.0362656444489054, -0.01986647596896949, -0.010270485870481478, -0.009146614690663085, -0.03678676223459868, -0.059233743155505135, -0.047260454837791246, -0.04354502876666926, -0.0515115941814358, -0.010311192033802489, -0.04549791575796565, -0.0454472055547497, -0.017499902806992512, -0.019716161796199214, -0.033097558175606, -0.027305714100800894, -0.007467832880892589, -0.022543116169710962, -0.017763211978077953, -0.05970146519824598, -0.06839522782094075, -0.0576013841719743, -0.010742984139557862, -0.009368368866844806, -0.01666840003753475, -0.02616556402392518, -0.012120103530474779, -0.013938148856359175, -0.0177435484037682, -0.010310536314249354, -0.011607611106361838, -0.0669623048796883, -0.05717176760999389, -0.045197151933150694, -0.011842561950303282, -0.025702738025447827, -0.01956965463978846, -0.013364187850210499, -0.02124474462887486, -0.023748676463476656, -0.015235568883444257, -0.04896557668231549, -0.05773227500939809, -0.012287991704478956, -0.04619826779943433, -0.03950361361951264, -0.03953159464670003, -0.0054894059255411794, -0.017999605567413875, -0.02643621350264473, -0.005207185869434993, -0.033555011655593735, -0.02576446284746165, -0.038751096395609745, -0.004858230052764902, -0.034532692877405936, -0.028158792259877833, -0.017899730841073727, -0.009957331469275148, -0.023729665286264533, -0.02786983556058216, -0.018454043378468482, -0.01802599038396331, -0.013585802093441823, -0.024592979752295338, -0.030160441675368896, -0.0216649042429807, -0.0047294796108342495, -0.019676032897925255, -0.015430854414953303, -0.022445633846022522, -0.006452119421812875, -0.0166075649657887, -0.014698526761937176, -0.01361258399794278, -0.005749156472365061, -0.021225982135095467, -0.015239914821494572, -0.02273294926084109, -0.005716186280795495, -0.018664495549074886, -0.033679390107663826, -0.020397512383499836, -0.02467176010921467, -0.02749496365921062, -0.005993279971919313, -0.029590758099759362, -0.027224669898877743, -0.007000418972611143, -0.02018165500973796, -0.02325684037470627, -0.033330463742400576, -0.0046451220466122885, -0.03650536064058086, -0.009004683622211386, -0.0315989071165609, -0.018187350765021017, -0.019899054374726943, -0.0053827367133516355, -0.010122024108480338, -0.010970010124561908, -0.017580567139489026, -0.016735598760312425, -0.034521174776978844, -0.01825163858545755, -0.02227131536777801, -0.005069743068286453, -0.026049839205161036, -0.025851712634800794, -0.026351488818063127, -0.009027067338250011, -0.018486983893434113, -0.02304143467916438, -0.00800907364049305, -0.024837277633450092, -0.019366992081643865, -0.01878893486117103, -0.038193655692338076, -0.03610045414104308, -0.005037588148192553, -0.035247479122314684, -0.022748486843677543, -0.031068942064738852, -0.004565963531318011, -0.026008149653340674, -0.023869572133318136, -0.015987096578709673, -0.012559151402644459, -0.027282704136219013, -0.014688934254022772, -0.02190288945538983, -0.011779012075039563, -0.01549256114688513, -0.0322528095445861, -0.025686504860683287, -0.01581896009343638, -0.007562506300809586, -0.014085248681852132, -0.03019466107381969, -0.04137710137504386, -0.01658403337314441, -0.0230647182693226, -0.025230433983055918, -0.025962259031830713, -0.004664409512729265, -0.02805389343557651, -0.020383494694494585, -0.0304260927171431, -0.00525923445268556, -0.02818275661683491, -0.005200107361780737, -0.025551100298614522, -0.02406356860220449, -0.026007751186031432, -0.011764999724832536, -0.03213451337106552, -0.021890156124073402, -0.006088791399251402, -0.027776845899962675, -0.021829074510997196, -0.02226699552042948, -0.03759934727616657, -0.013727989726065325, -0.016338790941932014, -0.029864775452420295, -0.015219062173177965, -0.02150555949960803, -0.010328405504120224, -0.01002904837559605, -0.005718052855751825, -0.017459475465228493, -0.01604651651748458, -0.019252060328274253, -0.03369579508792056, -0.011271399971238048, -0.00972017728374139, -0.011670988115040231, -0.018073064361515002, -0.030497332261877185, -0.03710734866026484, -0.017993402996890555, -0.007850069055193712, -0.006281212805717243, -0.04169230094225382, -0.044286106164473364, -0.023542483354374904, -0.01320900094282133, -0.020264915573249356, -0.01479736872277063, -0.00600994836098153, -0.03250576763303523, -0.021850388942427273, -0.023341893021878286, -0.04019281551178558, -0.04418406835311101, -0.005763153823345989, -0.020971685761725332, -0.021065429116353413, -0.02835906654498038, -0.006425907043404447, -0.020478638409174327, -0.025203849559755832, -0.010332673876858748, -0.028189676402312687, -0.0278850099046352, -0.021146940746173976, -0.022289208253817114, -0.010095906697660714, -0.013086190746015084, -0.028767309599248236, -0.0230739741065396, -0.02099908771681925, -0.009600660334909486, -0.00779069362414711, -0.010092959728323083, -0.032571190847500195, -0.008746809262576354, -0.025810012708394944, -0.022570720619025667, -0.02043159538290751, -0.005032272079247867, -0.03899932609925772, -0.03283972023392568, -0.032264696220518356, -0.00923799736652795, -0.03625763398850041, -0.007153503726215772, -0.013067182250523517, -0.018291515204156658, -0.01672873437859917, -0.01752779742347804, -0.03599999666068876, -0.030828449538801546, -0.006848661769798147, -0.029444424834943483, -0.02762496403692263, -0.04027403432256496, -0.043133955428167815, -0.017123705702078006, -0.015616727979842555, -0.012930317884343437, -0.011126602794850653, -0.03040732989858498, -0.016099399350734258, -0.012077900380535423, -0.007266045172363964, -0.026804797498023232, -0.045712563875799674, -0.04473427888876807, -0.03461954961902763, -0.047017681794300055, -0.0076340622253768045, -0.04257834385820217, -0.04060684607395566, -0.014548583771809172, -0.017283105511449674, -0.030430812041329552, -0.029918836752242703, -0.00602462659584707, -0.019234654125889893, -0.013628455648495809, -0.049682566244659734, -0.0467967990553512, -0.03903152392664812, -0.007921553277206188, -0.010868234118586617, -0.014549323499140088, -0.023874252105050627, -0.010956740941931928, -0.017625957453152888, -0.015904339877261687, -0.011753871017895438, -0.008284072360862836, -0.04513818557322125, -0.038358973997972605, -0.04139586608282288, -0.009304470560026151, -0.022417434326129144, -0.024331279784020447, -0.012684967096647633, -0.020066749927045227, -0.021471641994393425, -0.012252992595392014, -0.04448268039412091, -0.0472600039851026, -0.00869201156947823, -0.04020877846453369, -0.03153031859354416, -0.03857062780273117, -0.004969126907216667, -0.022582485128315843, -0.025088579500136824, -0.010722953149897319, -0.03558071706805027, -0.04203950829649318, -0.020404769648135014, -0.00712530876258194, -0.02465826139989998, -0.03443302269854449, -0.035360228312433684, -0.024699058144448963, -0.031141732920347814, -0.016077611895613693, -0.009080689799064293, -0.03685861617908122, -0.031593622937248045, -0.03730672678712676, -0.031964938790088965, -0.03719219800403337, -0.009823331723639316, -0.009912694772463608, -0.03313644606090506, -0.034886284938000396, -0.013419986220465271, -0.03481231155780224, -0.032475150217014186, -0.007541140383950958, -0.013599895193245925, -0.03859236364833887, -0.03558299003334921, -0.011938224568338129, -0.011831116325604511, -0.031727286893592825, -0.02141450050276039, -0.03333209187996711, -0.03778734108652359, -0.034537285706955245, -0.01397158630648707, -0.022602000806419137, -0.027794545559268743, -0.017938317590160825, -0.0333429022603912, -0.033916203884696405, -0.018800594167063252, -0.005538319754189364, -0.018432969469139512, -0.01764034326624708, -0.017099891989799477, -0.04030484833558168, -0.041665535451780596, -0.014071777802615837, -0.006418075219384586, -0.0271997802146256, -0.03471744220639052, -0.029474650362276682, -0.01589281267806422, -0.0311909447630055, -0.010379616434087307, -0.009441115578461489, -0.04171615403830869, -0.04052553189563769, -0.03510328999125031, -0.023545018235937718, -0.036454031248990236, -0.011243978008835713, -0.0158251209991446, -0.03755853192977203, -0.037617038794660974, -0.037760773888657256, -0.03474567434783896, -0.03358972584403029, -0.009577770066655682, -0.02189320424384877, -0.04156263954763667, -0.03472992366755682, -0.008809713756368354, -0.012937522468822633, -0.03718674824963207, -0.03513044178996772, -0.029823247489114926, -0.0455524337035972, -0.031634063426985055, -0.01042824603752351, -0.02435703170209984, -0.03339936280589178, -0.03265486847260656, -0.03832654256549609, -0.03670326384378708, -0.01776233600813592, -0.007842341216470042, -0.037688790174073956, -0.026498988411655766, -0.032424988764202585, -0.04406438928809891, -0.04387657226453638, -0.0118833691863733, -0.008140718252532193, -0.03531560947797342, -0.04024265733173686, -0.023805361639175193, -0.012346770532283476, -0.03927395937291717, -0.008654253729919563, -0.011360016636698817, -0.044004019932893844, -0.04359244632802588, -0.022933827584218174, -0.016785970267121423, -0.03617435116932749, -0.016038075512503303, -0.02830403500415855, -0.04158737858809472, -0.04125573036216528, -0.025250923995128672, -0.027109365325959978, -0.030108677312401983, -0.012842607909057634, -0.029682490090747828, -0.03870648950693214, -0.026332405868273095, -0.006337533195122185, -0.01472492342473387, -0.0397306380636766, -0.006888309138330533, -0.038989918764445165, -0.028367840982881552, -0.03240423402244279, -0.0056095838865862346, -0.038592539246334066, -0.035384911325555386, -0.020873401236566464, -0.011244223316614482, -0.03102487626432693, -0.029088075490335208, -0.012472896444701223, -0.01790912511823617, -0.014169624760911048, -0.03182523736782686, -0.043352171966345436, -0.03289364060486639, -0.006108595949924637, -0.015018576703461338, -0.01724454779901609, -0.028089476502392317, -0.007324300940280479, -0.01572818482044984, -0.013926644889857308, -0.01001792771322895, -0.008486144119065581, -0.03494368544348601, -0.022312645761857767, -0.020073948848807314, -0.006369365451641286, -0.020884649534593135, -0.031893932023125855, -0.02098991153078165, -0.02599917378314791, -0.031231316218351093, -0.008403637282641072, -0.04050505083654165, -0.04087362799607969, -0.009758017930682211, -0.024473043462283902, -0.02695348036835718, -0.028746725144162624, -0.004387247379558034, -0.027647900942036615, -0.008769184965750555, -0.02998528100431893, -0.02971672221385655, -0.03607045051830324, -0.009198990870156885, -0.008826582414239162, -0.011854978445167282, -0.018301212756849504, -0.01595128388131465, -0.023733029634291143, -0.015964434702058147, -0.014541393394952768, -0.006789285479723691, -0.04552201790383095, -0.04722029531053269, -0.04149990007056059, -0.012190667859569649, -0.022850823758715715, -0.017310789486050773, -0.00773253831260848, -0.02452225129538945, -0.017209187290759792, -0.019380871283501085, -0.04647370271705863, -0.049043630741838755, -0.007278632989710069, -0.03805531645122259, -0.03077609593339832, -0.043089995604327185, -0.0062170446154807425, -0.02127339678030165, -0.025358921169329248, -0.014643177385107127, -0.014691909758513458, -0.03376169123292733, -0.01623451479093611, -0.014333517610000904, -0.011684492824420826, -0.01820954574484363, -0.04599265105318262, -0.042716394758046054, -0.023174659775344986, -0.009675867480488348, -0.01057515632656696, -0.04388232176396277, -0.042706388754949996, -0.015217927415233616, -0.01948184156744429, -0.022545205855267533, -0.0172853079992603, -0.006234605167099909, -0.04526373590789388, -0.03395344869732424, -0.0415574492313499, -0.00848648745581055, -0.04830626835680878, -0.006728443240683462, -0.015528818453987753, -0.019900323941399192, -0.022597187824602207, -0.010532248388199697, -0.028025519262995194, -0.03131301981735978, -0.009766443464695287, -0.0435707205684572, -0.04041952214620221, -0.03683470212549686, -0.041486496337031366, -0.013420505074226406, -0.013676966511280001, -0.01828289894713406, -0.015303491321428362, -0.02503298517532693, -0.012161884853398674, -0.008658337956359749, -0.009000385834668414, -0.029320865013827576, -0.02196453834328961, -0.015339776437482194, -0.023534265856149886, -0.008216102016583803, -0.012232697019901389, -0.010251343302066613, -0.0149624343502656, -0.022491020571561656, -0.03155252083724171, -0.01612903159899288, -0.007744358209973628, -0.004484791067304776, -0.027378799722077133, -0.03352450186747899, -0.020087965000447756, -0.013453502665779675, -0.019305894801331488, -0.01952267754428133, -0.0046690014925754, -0.023283006794848616, -0.01720487874338103, -0.025301388121387648, -0.025201886419437824, -0.029296079477499983, -0.004637687291172946, -0.029539491137355496, -0.021549005660270792, -0.02628526101907507, -0.005633358185154748, -0.02223421823390886, -0.018339463784409277, -0.007795475128215977, -0.019124827136243076, -0.0185734547690186, -0.01612582605546485, -0.03020640574267913, -0.011877483221378016, -0.015119211489612623, -0.034396922256761775, -0.01802658417130918, -0.015357906033092342, -0.006869168316295513, -0.00805010044841186, -0.006574251868245737, -0.02889654451481914, -0.007839448227791868, -0.02654705546877759, -0.02529844303885354, -0.03304272731910884, -0.004817814918205675, -0.030925205881992317, -0.021622148882898696, -0.021651900079557442, -0.005714819727644263, -0.022668888603722587, -0.0048795972760781355, -0.01875805237247924, -0.020674783222743662, -0.01994945013899936, -0.019635865311627764, -0.039288368197944706, -0.02459065280548673, -0.005160972114047549, -0.02651801262609511, -0.01716493168517693, -0.02306711392490963, -0.030413584626908078, -0.015168764990970297, -0.015901527092669503, -0.019893472890629378, -0.010455288737128336, -0.026104343889442258, -0.015399712173258097, -0.017379202534653616, -0.0059477773613540305, -0.018329296559976695, -0.0289814518381616, -0.040400586837679456, -0.02747227126624699, -0.039751010489647715, -0.005384086582613256, -0.03634600353154749, -0.034054331005647365, -0.01487341211265333, -0.018609794797427998, -0.028868145970964206, -0.034590550464789684, -0.004991900865736275, -0.019682957726101062, -0.011615697326494565, -0.03564534509036949, -0.025531931592405938, -0.022050074275049517, -0.005457023259720545, -0.015598036359296191, -0.01602124184568329, -0.024754764907438945, -0.012564745006160801, -0.02829779901784721, -0.018302727571755252, -0.016552038623546417, -0.005286720821970268, -0.023714802961981113, -0.020863596134084693, -0.03221268181700188, -0.007457042131861862, -0.021201157589429896, -0.03533289982169837, -0.015592225535395474, -0.02310001578260837, -0.02237048780322221, -0.011177187660784297, -0.034934741456009034, -0.03135314534897724, -0.0053335694266998515, -0.03006471484401191, -0.02309911845633086, -0.03431917676948337, -0.004695336244205616, -0.03286869039956061, -0.026211238380933432, -0.00883510667629573, -0.04328727681897635, -0.03316182481442449, -0.029542733425983594, -0.006567937746669486, -0.03951847616983786, -0.040457659248758535, -0.025236792309673226, -0.013991043720012466, -0.036504064302672945, -0.028764010249731648, -0.010569036772044876, -0.02106099144094762, -0.017449098188632696, -0.03910418901612068, -0.05128581637016485, -0.042410489627495454, -0.0076330180830775345, -0.013051302757453885, -0.02056937086449172, -0.03295882123478544, -0.00871792871440338, -0.017901292295805733, -0.016298477340939286, -0.0090128415084671, -0.011251595845726143, -0.04646011456888184, -0.02994534113579917, -0.018413181685282512, -0.007432376051706627, -0.02347038698099677, -0.02945665601659911, -0.022981856893748865, -0.028980408677064806, -0.035060621966920266, -0.011006062338046725, -0.044642628356794806, -0.04814780048709189, -0.012794142427054409, -0.02876794711185455, -0.030243928284415487, -0.025272154921654383, -0.004423063003672508, -0.023189773828300814, -0.010011165906847806, -0.02897002165260453, -0.04225310580905696, -0.05161340127133773, -0.012993208562891267, -0.008509970018347959, -0.014585351541416963, -0.02100831844345117, -0.017266322099347576, -0.018994747915789208, -0.016780885786166495, -0.012174697087242243, -0.00881923624509784, -0.06308102418621198, -0.06583417098507893, -0.054364781185915416, -0.01647775503963676, -0.028701995076644966, -0.015116786484191925, -0.008687060109108306, -0.02629190050260904, -0.018748338893759778, -0.023326485450646833, -0.05212989645528928, -0.05792469075084638, -0.009731238602103811, -0.039130848379788134, -0.039445016794531745, -0.051329519426307535, -0.008060754610613083, -0.019249370173767495, -0.028329009970281063, -0.016831283273387412, -0.01913913726973163, -0.04186081134198125, -0.02050404160555886, -0.012173763611958948, -0.013740700898595786, -0.023238533001127912, -0.05486327063612338, -0.05668089146720886, -0.031793987756587525, -0.012316865646259136, -0.009666270284189107, -0.05580029398356664, -0.04361538370914168, -0.017492924100794026, -0.02072808739432289, -0.023812311049279063, -0.014455541282637645, -0.007985197850006547, -0.057853118737041014, -0.04639927666089289, -0.04589800060104586, -0.011739776865400845, -0.0648192804629077, -0.008531001465569699, -0.012577764998744724, -0.020705694831472995, -0.023367960480329998, -0.011718580203369008, -0.026173175368021256, -0.04067340521688609, -0.0135139715216652, -0.05258220649930317, -0.05729077090440301, -0.05093147125630938, -0.04312939303485619, -0.01575045140429666, -0.01480026882203121, -0.014439047699489033, -0.01784655766883003, -0.030021966753385726, -0.01562237603722167, -0.008292761253502647, -0.012276703138063684, -0.041638731045399044, -0.010442207967615394, -0.04183389766207361, -0.03855823612725463, -0.024941872768516792, -0.007139816843585997, -0.03354538755887786, -0.04028490134393126, -0.031050995416098084, -0.01882283817291258, -0.036857287480151636, -0.023361090168141828, -0.009500570451236994, -0.027676226224566645, -0.023628584783874845, -0.04176213745043533, -0.046226700302185196, -0.04493863666557388, -0.009129853068078455, -0.011349710227081195, -0.02653579788310436, -0.036074843558476684, -0.010846901768821393, -0.02438366367970746, -0.0224947059900446, -0.008169296337368251, -0.013347285431438214, -0.04869270617263125, -0.0361098815537904, -0.015414129882670071, -0.00935005239126516, -0.027687251824913973, -0.02559293301777348, -0.02752447589533604, -0.03366913247837957, -0.03660238771214294, -0.013288680091159574, -0.03620050385329111, -0.04196462080693791, -0.016001598536115998, -0.03272429830492954, -0.033395152275761134, -0.021775472341673353, -0.004810836736474762, -0.020149956445575365, -0.012918634069429303, -0.023773088767268163, -0.0482635476180674, -0.055463729619307595, -0.015280719041455514, -0.00762215080517133, -0.020055779434445094, -0.027014793081879786, -0.02192106557956922, -0.016595721666870303, -0.02177257849375435, -0.010844209788457057, -0.009974723559107331, -0.06205883288408231, -0.06327762654957807, -0.05169109990707064, -0.02104147508954065, -0.03435881997777221, -0.013021776409638183, -0.011336719885244607, -0.03134190468338489, -0.025540751130941824, -0.029836683439333652, -0.04659354220165846, -0.050424772246859595, -0.010763480425287015, -0.03183232818483505, -0.04425655127467049, -0.04749303918550695, -0.009179467729573444, -0.016219392420323015, -0.03308618489665111, -0.02361900167693577, -0.024812212134645406, -0.04678952931108258, -0.02604642490003179, -0.010886725975309682, -0.01792170042183075, -0.029039660408093977, -0.04840476810678715, -0.054994928145169784, -0.038153736343857575, -0.015342885674296005, -0.008698637673968498, -0.053123313223601976, -0.036376701626400706, -0.023048599712738992, -0.02867967147011418, -0.03113144599308728, -0.01271207270855887, -0.008788079625138036, -0.05332585097388396, -0.049943037419636085, -0.03742125651123473, -0.013509507390067444, -0.06095653314452548, -0.009340020481515388, -0.011301280257440713, -0.028482646798840865, -0.030530458629011544, -0.015654075475571096, -0.021724189777724102, -0.043341217599541994, -0.016246400552161408, -0.045197788750835015, -0.058885665384930445, -0.05410032498374876, -0.035982058234876685, -0.020325032879584575, -0.019930193480885552, -0.012837283973288387, -0.022826115841774235, -0.035533616336966896, -0.020944796300764984, -0.007447667307808207, -0.014762889030104297, -0.04757610723091449, -0.019956916194242082, -0.01687683107501435, -0.027751294037384498, -0.009421973692928284, -0.011328122747611729, -0.010796450310604168, -0.01621403780757054, -0.025996960988363776, -0.03476628223875506, -0.017056848265277993, -0.007881347167825188, -0.00519617777530798, -0.03326518629698833, -0.038695639798287204, -0.021696230592052754, -0.013421125671411288, -0.02002861454275198, -0.017887197370546826, -0.005221451003399864, -0.027192133110292255, -0.01913737346025989, -0.025075658231185696, -0.031194695089838805, -0.03558394182058236, -0.005123920260172644, -0.02650216401990892, -0.021783162968578913, -0.027898578859350286, -0.006006226250137998, -0.022008119064959083, -0.02108945629261494, -0.008754612669043255, -0.02265146728213035, -0.02224970568784652, -0.01815932741893743, -0.02772245414099631, -0.011262078655279001, -0.014452184394029656, -0.03316622760833226, -0.020230667859030996, -0.017583349270365093, -0.007913419804762477, -0.00809225464519381, -0.007932981555710502, -0.031327722194293486, -0.008308983152303384, -0.027369149335653906, -0.025150371231510683, -0.028502834974380747, -0.005011016401522404, -0.035066360319437204, -0.02612958405429465, -0.0259954450105514, -0.007079322233214449, -0.02808814876985734, -0.005786649635360022, -0.016702074788519147, -0.020307242220883714, -0.019200064186586385, -0.019249403775336852, -0.039508572226532014, -0.027594987517905796, -0.0058608663878692464, -0.02855441190597798, -0.021165946262570425, -0.029649195898304607, -0.03594093832643662, -0.015974355271373048, -0.015915145337081917, -0.017246850125548534, -0.010799408292072979, -0.028423269774360906, -0.015769248143297523, -0.01540876130483048, -0.0065472797948965995, -0.021685605535021708, -0.0358683664170229, -0.043652685813150245, -0.03083437137681732, -0.04400805212927052, -0.00630685717130148, -0.040067354122191354, -0.0377165089108694, -0.014811367717661528, -0.01841000489548234, -0.03051532529101133, -0.03376673017611638, -0.005469218497683969, -0.019851067099289302, -0.012446522416367768, -0.04204823288313455, -0.033498246979416516, -0.028393674405944824, -0.006462129988470794, -0.01379161461242612, -0.01564254057402829, -0.02509362242019012, -0.01200772137281008, -0.0242956168900803, -0.017737839605225573, -0.014779283477317573, -0.006467036878764466, -0.031628246162912634, -0.02733119766169686, -0.03692481653832122, -0.008232443644715108, -0.02216783202369778, -0.03165862453424815, -0.014614400386249227, -0.02260658219384751, -0.022752627538879352, -0.011666915312962064, -0.03985645646287686, -0.03826404249607684, -0.006644078867482863, -0.034816664641423474, -0.026720431844681904, -0.03726576253921105, -0.0049004208323005305, -0.0294512346407157, -0.02681763875742353]","[0.0004090851479278256, 0.0009634527388081224, 0.006591626282317148, 0.003946938640171175, 0.0010562067293600685, 0.0007121256437364545, 0.00588758107164509, 0.004730673920597913, 0.0017815524336854645, 0.0010985237935733074, 0.0007234359345037707, 0.0006647105647297248, 9.560840478887982e-5, 0.005044206078828295, 0.004068901417793011, 0.00375145183900596, 0.002683533148012868, 0.0006159402110008005, 0.0003418137675944613, 7.43251044750747e-5, 0.0014743807647515739, 0.0005745876719947614, 0.007288413274640786, 0.0070812959083506165, 1.0569044266735758e-5, 0.0004698365984049589, 0.0007428553673950009, 0.0018741868226942997, 0.00032559179292880196, 0.0003844333340923883, 0.0004826274318744591, 0.0011017671697261865, 0.0020256289256459087, 0.00425210887964144, 0.009758964461894384, 0.0013672323958646515, 0.0006753776280477034, 0.002018520210849182, 0.0005983803187081921, 0.0008602224826597684, 0.004564364011053827, 0.002964715690430824, 0.0003651021975283666, 0.0006356784194353261, 0.0015001418768553659, 0.0011939014770112166, 0.0016171863711196982, 0.004467339969766677, 0.001061319193877598, 0.00017250624372695263, 5.446421578167059e-5, 0.002889838622590347, 0.003975132808419869, 0.0015455879069961945, 0.0007163640128045586, -0.0005693014378792187, 0.0006852008294447095, 0.0009918393039725693, 0.006120651644049681, 0.0051119004014237215, 0.0013098714914840195, 0.0013185610375076413, 0.00033159010420472513, 0.00042026972067233195, 0.0009537545614911191, 0.0048766143293522204, 0.0073319149862318255, 0.005515464118415279, 0.009227576107384687, 0.0012110221536236908, 0.0009375297935514542, 0.002901881202823346, 0.0027635933905986254, 0.00050944076918877, 0.0004008678620851816, -0.0009134141063306103, 0.006066611040497702, 0.00045994480046095555, 0.004963500165766786, 0.006471814031188964, 0.0017814433934482238, 0.0022119407898894185, 0.0036674783993333802, 0.0023911725581911483, 0.0034631442464060037, 0.0022451363814520345, 0.0007468727083698851, 0.0005592964814846229, 0.0009158174040687862, 0.006021197879901956, 0.0038722645120911003, 0.015419410808981474, 0.028316867534456974, -0.0014491453626107173, 0.0009624324361963448, 0.000521813047266583, 0.0022024727816103047, 0.001287840455358667, 0.0004160876419770868, 0.003943423679764789, 0.0008173317853534722, 0.0012272412766533786, -0.0009498655647138031, 0.026181787817238178, 0.007606290493024667, 0.001283622822736346, 0.002021998724521926, 0.0006200209711425486, 0.00041327569136017056, 0.002099343027187536, 0.003476478500629274, 0.003299022887080864, 0.0021765384678438552, 0.004990317678412544, 0.002410663708337631, 0.0024046429956497296, 0.005347530957820282, 0.0032930420844909654, 6.666292137608438e-5, 0.0001529080246786072, 0.0006547495100176785, 0.0011867078369179039, 0.0023420778358522326, 0.014954322843451455, 0.008198584013883414, 0.002176723465738246, 0.0015324091270488517, 0.007673597522844739, 0.011714203366567082, 0.010764287237830924, 0.004385870696845533, 0.0007841151883772846, 0.00244005581088195, 0.0018659796601641326, 0.03454645259337499, 0.022163360781822024, 0.006136516960684579, 0.0037985960963678182, 0.0015847769260211061, 0.000941399877689346, 0.000314446353811434, 0.0056996810363992715, 0.003309785631066125, 0.038497050396124166, 0.04485764788596586, 0.001658055750806925, 0.0015865477456522676, 0.00272800775200532, 0.005411695202823948, 0.000706833081233604, 0.00105196497226432, 0.002303061713611966, 0.001938253374784475, 0.004563792918415184, 0.008179579995211099, 0.02292329642781441, 0.0043397411502918495, 0.0017107735994767372, 0.0013439469296579565, 0.0016974539645475623, 0.0036960660431617845, 0.010768638125171006, 0.004821910418779874, 0.0007353567580327507, 0.0011175128711002227, 0.012702817356259529, 0.0038237781965248544, 0.002229513115923183, 0.008207553013043926, 0.0021156576426408294, 0.0005822962938047478, 0.0007221232429447471, 0.01668699610180968, 0.020837278565675143, 0.0024186406021528477, 0.0018934229378514804, -0.0003279219533122786, 0.001703299304627586, 0.0017444314800031222, 0.006043084461988869, 0.004807066434259429, 0.004939171057685059, 0.00766598765656922, 0.0012313073511172464, 0.00200687504855552, 0.006306575872637929, 0.019087583428933595, 0.05179896804415103, 0.015595246323953956, 0.009917826720063251, 0.0023150090140995885, 0.0021014475205805177, 0.005522372805488517, 0.0051270697665168185, 0.0007634825325788574, 0.0008742160617004143, -0.0005809125713239632, 0.02604249694258352, 0.0031270835656734123, 0.027630861845433768, 0.036664360890810134, 0.006957016241700545, 0.00900673003409318, 0.03582808308772063, 0.009821010401514556, 0.0037680787517389964, 0.005866395564867259, 0.006216796125489488, 0.002204626430825021, 0.0021346351581625635, 0.006975249520442403, 0.014978997584897806, 0.10584433492393343, 0.11763433185707127, 0.0016452713007529727, 0.0019735420027256587, 0.001070207900321036, 0.0029047495811041213, 0.0017567153860624926, 0.0011600423747081317, 0.004438959461224893, 0.0016951390686872224, 0.00274683975617653, 0.0027454045743233223, 0.10412846262177632, 0.04859259790211663, 0.0065198329799673925, 0.0031599024329235564, 0.002308362751814636, 0.0012159526890301916, 0.0020812463921576693, 0.007321465444602652, 0.003914530431630399, 0.009511318120540669, 0.04997334886419781, 0.00914594660333069, 0.005456965789893799, 0.03016037656156414, 0.018350040595016315, 0.0009454503402439079, 0.0005541543673532849, 0.002010423444849421, 0.0012383564632073357, 0.0019142392775922821, 0.015163672662989312, 0.009049552229775226, 0.0017278514151200333, 0.0013753381708890226, 0.0063937014594135765, 0.010341014818785636, 0.011194065019940204, 0.00486515999132283, 0.0008502186847815977, 0.0024284773128803406, 0.003346724063384666, 0.037478878657607115, 0.02367891557601983, 0.005593883783933827, 0.003276971745471716, 0.0015048813331211153, 0.000877023020855952, 0.0007544262714371313, 0.00619709461193885, 0.003721917616699896, 0.0384340555683432, 0.04738602714558714, 0.003111280825788119, 0.0015563194427322122, 0.0029210288370713575, 0.0051904810708677555, 0.0007995858157137427, 0.0010510478592473318, 0.0022582766239375935, 0.0021962823350582883, 0.004873697335905898, 0.007678497076892352, 0.02033784673912799, 0.0038388911998545215, 0.001788618335092088, 0.0010131783617642206, 0.0018041569468888168, 0.0036278243511714296, 0.00923523192272576, 0.004120046288498114, 0.0006624743580281411, 0.0008443393735833152, 0.013637200522500614, 0.004263138380311617, 0.001916629657070844, 0.006983993693434463, 0.0019506977259197051, 0.0005850271994392561, 0.0011851297958909016, 0.017103514597078852, 0.02047333773845584, 0.002577614224660793, 0.003874722924196803, 0.0022167022658545234, 0.001447641451144086, 0.0017310124579393864, 0.004401261331917649, 0.0034633954719132934, 0.005519377803758706, 0.008534704608026786, 0.0015907088946767126, 0.002321048728607785, 0.0067696170591350245, 0.0221960629342669, 0.05550691860142783, 0.01579295139066932, 0.008439072456231265, 0.0019442811284663393, 0.001864970395309635, 0.00603161307081441, 0.005941245827720949, 0.0006709780704190343, 0.0007838554546675763, 0.000970219499814091, 0.028309570666120838, 0.004136443741591515, 0.028510155439256748, 0.03852882167035213, 0.008186601166650119, 0.010285158944637154, 0.041986898743991814, 0.011221386715360299, 0.0032129827721214467, 0.005740838691294253, 0.007308058980823165, 0.002394167843081046, 0.0018280301792430583, 0.006224972404986618, 0.017776321319714867, 0.11158959208658954, 0.11713773678960884, 0.006569083954723592, 0.0015522141191129566, 0.0011632764376116812, 0.0027288224403677203, 0.001752003749405279, 0.0011926257423915247, 0.0034985483836285735, 0.0018487214609868687, 0.002166520621298033, 0.008765553793606296, 0.10461562707183575, 0.05000694784051382, 0.008217662978686206, 0.0029276456366375435, 0.002248907901183937, 0.0013399527831505528, 0.0016169377715779263, 0.006450716225004261, 0.003332568008178734, 0.01159781569524004, 0.05749703594197486, 0.01214644649312831, 0.005781869593712184, 0.03055620118813117, 0.01829731349481628, 0.0014347849722552539, 0.0005747560384344334, 0.002023136819470626, 0.0002760827891966516, 0.0008206191261686563, 0.005667819876052813, 0.0036425811538531817, 0.0009426547610531201, 0.0005738530950770752, 0.0045774138143542045, 0.00369696071674096, 0.0016315577171685334, 0.0009849560475616672, 0.00048243786751133886, 0.0006107244743646085, 6.698285360484636e-5, 0.005027201418948817, 0.0038549813656705966, 0.0026667454257572475, 0.0017738120273344932, 0.00048280636808360907, 0.00027638718246638045, 5.121430502657769e-5, 0.0013560467633697308, 0.0005589519536548465, 0.006679408754098912, 0.006776125668787796, -3.526462826353303e-5, 0.0004364489671784573, 0.0005662307079611213, 0.0013457144630067337, 0.00025109070528570233, 0.0002946823547705341, 0.00041729010928554975, 0.0008995645621494473, 0.0016933860297583042, 0.003516468771447112, 0.007883381231233538, 0.0011020188282675693, 0.00040144764011643396, 0.0010976487120550262, 0.00042024224648638656, 0.0007025102602717142, 0.003521352768238042, 0.002332404411442977, 0.00030199692482548064, 0.0005620760203556386, 0.0015242944964583417, 0.0009449790668370514, 0.0010948138789663763, 0.002149119936134009, 0.0005309270133732964, 0.00014281486996633536, 1.823050211187681e-5, 0.0026119306573768415, 0.003521702873659685, 0.0012911942632927106, 0.000682841510352784, -0.0004789637159769408, 0.0006179551606777533, 0.0006841047064539754, 0.002727602954517537, 0.002244095622729439, 0.0009712994203318402, 0.00119585263502979, 0.0002987087110712494, 0.0003574039065907771, 0.0010318643608915917, 0.004901621990011401, 0.007332321157872963, 0.004631882804068164, 0.006924086163737519, 0.0008660834341071336, 0.0007228001675255306, 0.002536769683845059, 0.0022156598946211337, 0.00040168151684609737, 0.00031751552311914716, -0.0007392482079630718, 0.005904139337191279, 0.00041481483067666553, 0.004521336538833041, 0.005933639240481943, 0.0015842377085427302, 0.0020205237384195085, 0.0040702720038704, 0.002105265683821983, 0.0021753542481666864, 0.0015174300591076528, 0.0007296698884109874, 0.0005362641475071074, 0.0006756882361959081, 0.004823925902086951, 0.0035240840581832623, 0.015296589061902899, 0.02603216011769384, -0.0011505158747925708, 0.000879321445282234, 0.0003803859220151389, 0.0013576350827732564, 0.0008628331762045606, 0.0002867553234118013, 0.0020768001732515465, 0.0006049156280313945, 0.0011703835583541052, -0.000708848805193611, 0.024037823988761656, 0.007397495794985246, 0.0011360139440704338, 0.0017085069562722945, 0.00047630392999081393, 0.0002677172906096454, 0.0009865026493326879, 0.0019789032783644974, 0.002322514661341705, 0.001969354845570508, 0.005589328053954507, 0.002149546825790728, 0.0020701476588921935, 0.004827280090844107, 0.002923242362236145, 3.0591704056379893e-5, 0.00013745467050043568, 0.00039943790988580694, 0.0001683012172080229, 6.776590220508435e-5, 0.0019122834688803738, 0.0010947102929875353, 0.00013282897188777854, 0.00012236775849552752, 0.0010589287733481947, 0.001377408669687621, 0.0010149496688107637, 0.00042730092026130355, 0.00014705977251456737, 0.00025155913578212783, 0.0004752616025544695, 0.003348417241096474, 0.0021665043305875526, 0.0008870786972620301, 0.0006346974406809189, 0.00012371359362218747, 0.00010924035887519088, 9.873138770339084e-5, 0.0005640869159012042, 0.00025218241316977475, 0.004125019417678158, 0.0052294137647044235, 0.00041899639018138225, 0.00015807437540244022, 0.0002950677549165677, 0.0007779371128496533, 0.00013880666156546642, 0.0001363959230356361, 0.00015892035949818697, 0.00030840705372135366, 0.0006542036901853872, 0.0011625690871181, 0.0030747099789313202, 0.0003718306288746855, 0.00028338431237070647, 0.000287767838310682, 0.0002228264237160151, 0.00038932592480911367, 0.0014629775255320936, 0.0006809114029391041, 6.405066655423035e-5, 5.879491099113684e-5, 0.0007738889085942772, 0.00048266873312602745, 0.00043354286482240594, 0.0019093595643704347, 0.0003924021164148868, 9.021652625462642e-5, 0.0001664207524929915, 0.0019673261818751197, 0.0022112860118362375, 0.00028056478922539887, 0.0004187312736064706, 0.0002534124625008049, 0.00014801208196765423, 0.0001680645660672194, 0.0014682350266008992, 0.0010884070258712927, 0.0006006977459555311, 0.0007523160808540353, 0.00023184687385867288, 0.000243353064398015, 2.8327337080409377e-5, 0.001582187763413111, 0.004650875250434809, 0.0016957668176508338, 0.0015416754915321506, 0.00018251338947856843, 0.0002016293161160687, 0.0007575998693402303, 0.0007937611130699239, -1.0927387381882423e-5, 8.652118321818956e-5, 0.0001052947437252699, 0.002208837732947633, 0.0004255033598537395, 0.0024331371666164174, 0.003327767911002132, 0.0007711711812344918, 0.0010749651921631489, 0.0034978482483219516, 0.0010576105155919325, 0.0006345357895912902, 0.0007953949627537874, 0.0005588696959307331, 0.00022794547075213564, 0.00011822016838876291, 0.0010405556290949065, 0.0016688499469386113, 0.009084734578358004, 0.011904831540673011, 0.0009496343806251885, 0.00011433113967030763, 7.517412930524385e-5, 0.0004793188526182098, 0.0002712355346390199, 0.0001387609045293854, 0.0008756815639109311, 0.00014827419008148592, 0.00016340611088990024, 0.0011869473460783347, 0.010675651523233142, 0.0032342839015638784, 0.000769836636259909, 0.00041377081139015395, 0.00015810730098082617, 0.00015651656243557526, 0.00043829803527683917, 0.0013089780188764715, 0.000629331196567265, 0.0010455486806406579, 0.00428562661202578, 0.0013201375313624487, 0.0005161622091507232, 0.002721721502940389, 0.0017060037017384041, 0.00017849787057765864, 7.391860691946181e-5, 0.00022860214463613887, 0.00015921727706519248, 0.00017460112509423326, 0.001401949400337293, 0.0006529400655358956, 0.000174822130177644, 0.0001239242033393675, 0.0010018840253357454, 0.001223092320883567, 0.0006227528690310251, 0.0002227559089066156, 0.000183182168137746, 0.00018449982753138795, 0.00014702969420960125, 0.0018602278408303987, 0.0012952348964731227, 0.0010286876039007683, 0.0008048103157818672, 9.416532434468366e-5, 9.1914482854974e-5, -1.7063550738925028e-5, 0.00023362413126823173, 0.00011437336527070179, 0.002800491220376814, 0.003177626280647456, 9.051756453964144e-5, 0.00013139071685023645, 0.0002229053142065994, 0.000731912143122912, 0.00010223818893236684, 0.00011457662687484179, 0.00014307417126088506, 0.0001612271917991498, 0.0004400831319945689, 0.0010053322938723005, 0.0028766746718787506, 0.00043309139680770625, 0.00033671771120909807, 0.0007251085330270896, 0.00018722571012370478, 0.00031831991769919253, 0.0014852557474930928, 0.0006708860558898955, 5.994529111906783e-5, 9.340729171891394e-5, 0.0005436665221998145, 0.00034551426483743226, 0.0006679503116115774, 0.003321489756661211, 0.0006260491296094133, 9.26596238544505e-5, 5.506519300392005e-5, 0.001316946844376382, 0.0015658838009791798, 0.00016465496503531644, -7.780804753096903e-5, -0.0003061007090578298, 0.00015686208790434674, 0.00014695014251334313, 0.0036933134013206756, 0.0029597794485298635, 0.0005069693178358375, 0.0004655657737677449, 0.00013660461407891334, 0.00013330962939251661, -4.158138239376683e-5, 0.0001954810980218884, 0.0024178521108855233, 0.0012464596673327454, 0.001782044428140885, 0.0003200557179638076, 0.0002802620382441366, 0.0006130740980064893, 0.0006535720122258843, 3.417541405992189e-5, 9.822661713085144e-5, -0.0002554403215658198, 0.0008738380459588289, 0.0001584610400820999, 0.001511889233217397, 0.0020698275629425565, 0.0004038415641109032, 0.0005105736080274614, 0.0015431595729518141, 0.0006527336027044471, 0.0010285431400330947, 0.0007680159618503521, 0.00023781321807255, 0.0001198196793640121, 0.00016666904560370415, 0.000961111864458199, 0.0008363015472878019, 0.005070181227774598, 0.007015145679592702, -0.0002898155389087213, 0.0001610938514629854, 1.7488570944102027e-5, 0.0005989910656625947, 0.00037644152458402914, 0.00014048628173033082, 0.0016732308565540744, 4.212852503597935e-5, 0.0002089017685184809, -0.00027165812671541613, 0.006141279602556736, 0.0020747992317451548, 0.0003224410530833858, 0.0003305831614368559, 0.00011352908892503047, 0.00013227519779186479, 0.001064749694449708, 0.0017842649921106382, 0.0008343268933434574, 0.000529648049932978, 0.0019872379496724234, 0.00043499282491464287, 0.00033137419920871, 0.0017432700955792254, 0.0011292663724446089, 5.442668804154217e-5, 5.791884231130799e-5, 0.0002530925177734603, 0.00016352959001451293, 0.0001568950845231791, 0.001042193685251988, 0.000521589740884164, 0.00013806244351585427, 0.00013001098814965998, 0.0010011902183620928, 0.0008119772583448649, 0.00022890346126988294, 0.0001836257008827372, 0.00033452288692712025, 8.319040328683385e-5, 6.573839087314958e-5, 0.0005457152742609646, 0.0005312444888497996, 0.0011520265590342204, 0.0009601113650612205, 0.00011222474473095694, 5.926100537628089e-5, 1.0522697163858183e-5, 0.0001897963412663455, 7.275495693868658e-5, 0.000871628672508407, 0.0008952938524629061, 4.9031072863890125e-5, 7.176237183738245e-5, 0.00024592355618698893, 0.0006535676761366169, 6.54095684581447e-5, 8.50854521577149e-5, 7.34950837071469e-5, 0.00020057906574793777, 0.0003497584179908642, 0.0006874987025255467, 0.0017320755199955852, 0.0002790332755815065, 0.00038592110087460154, 0.0013035978548300168, 0.0002388533027317314, 0.00017936719333849066, 0.0009325398375781184, 0.0005255810907420806, 5.6802051301087526e-5, 7.970656893494974e-5, 0.00016017791756862826, 0.00026962633163010036, 0.0006255527769635442, 0.003400006164052962, 0.0007894460996387434, 5.856916857924602e-5, 4.150638801536317e-5, 0.0004402486704771334, 0.0005236644815945271, 0.0001959028843994155, 8.226996014022557e-5, -5.6999493648643326e-5, 9.807723025597252e-5, 0.0003614645348792724, 0.0049358045008371125, 0.004200597838383401, 0.0005982007316430644, 0.0003259893349346276, 6.171079265778022e-5, 7.251123436485541e-5, 6.673730698044438e-6, 0.00025076756979684696, 0.000605413263477761, 0.0009932591162400235, 0.0023990643568306312, 0.0004530289023888742, 0.00031360910956152355, 0.0007373817269432767, 0.0008869749045484456, 0.0001359395131820511, 9.292736947396374e-5, -6.369379506806905e-5, 0.0004443231237277668, 5.160986381110538e-5, 0.0006643487999976916, 0.0009316913901564012, 0.00019109553893133805, 0.00022245904371017374, 0.00037582050170666364, 0.0005712880910838373, 0.0014922527315899688, 0.0008820517630491991, 0.0001762923014778766, 6.091453679925011e-5, 0.00027186239074758825, 0.001090484765275286, 0.0005461385629206737, 0.0010966316903372826, 0.0023347561840276537, -9.677094757178114e-5, 0.0001075298221115927, 0.0001439715374634288, 0.00100332148077756, 0.0005887602545621018, 0.00017439875566392017, 0.002326073757046817, 0.0002053793491444204, 0.00011591335284343348, -6.394764752773311e-5, 0.002153162353057475, 0.000500182561679345, 0.00017622904487935297, 0.00024088358358467186, 0.00016813737779201832, 0.0002016987347679009, 0.0015262472718207886, 0.001860150608832256, 0.0009768669535442016, 0.00037130650260756317, 0.0003443140113453488, 0.00024268080694487464, 0.00023405617234023365, 0.0005956042450936675, 0.0004014124725331466, 2.2769760490174366e-5, 3.1115419866071804e-5, 0.00035078526862920004, 0.0002779597458457981, 0.00018279876752052594, 0.0009469012102666524, 0.0004250593609344733, 9.850126450047252e-5, 7.901720412425255e-5, 0.0005825527386027181, 0.0007387052436777176, 0.00041932293034182384, 0.00023932373183826918, 0.0003278036306753678, 0.0001036509637430021, 0.00018421734808256435, 0.0010403659128195607, 0.0008276510042398837, 0.001142288428330857, 0.0011270948413579342, -6.048077201453054e-5, 8.145195878461091e-5, 6.75160328185141e-5, 0.00028165708390084584, 0.00010045479195599113, 0.0009497067139258408, 0.0014269780370827585, 0.00017857565751980145, 0.0001724296802896616, 0.00033087245623393373, 0.0011994170017717474, 0.00018572095595058256, 7.297548956853195e-5, 6.265049514844536e-5, 0.00019273259051289621, 0.00025145882953502756, 0.00041623722646761286, 0.0012841602879920368, 0.0005193509741241084, 0.0006312576532080082, 0.0011150217473522687, 0.00031595790498666705, 0.0003899187469686908, 0.0007481184792740216, 0.0002923309271830628, 2.3895489129894527e-5, 2.5171227303869276e-5, 0.00035351970192078533, 0.0002419714741915705, 0.0010886955654754332, 0.006383400576625959, 0.001296345795073834, 0.00028573661662196386, 0.00014094389081477403, 0.0007851511007646429, 0.0006250695576729955, 0.00010522393049295785, 0.00013203823771706615, 0.00012792610233502435, 0.0002081613445570563, -0.0001917047255242378, 0.006320103864855089, 0.005228791559272031, 0.0011055290787481834, 0.0009616132250158925, 0.00018546200177774213, 9.180488394874142e-5, 3.182860643480425e-5, 0.0003321639897692532, 0.001058389246552667, 0.0011741841400151223, 0.001960765267543909, 0.00041356997541964303, 0.0004501667942067199, 0.0009112767623847292, 0.0013356672028869549, 3.356723121185496e-5, 0.00016819513163997634, 0.00013308837573091747, 0.0004863304325098037, 0.0002497707922354553, 0.0013036084324671011, 0.0018272104187654424, 0.00033380915710010556, 0.0002669605982620966, 0.001128114998806263, 0.0010255397514709057, 0.0017645888084876597, 0.0018805683852484987, 0.0004937037610867736, 0.00014898094353169505, 0.00024143840568577877, 0.0009432380477298317, 0.0005930711306716813, 0.0012236191148774743, 0.0015015798562260981, 0.00021429316337492134, 0.00013562045210330044, -7.805592560837337e-5, 0.001617982465530731, 0.0009287349701965747, 0.00032769619967439197, 0.003250522754165856, -0.00022071338719971292, 0.00015302023445377518, 0.00022069189084476373, 0.001314908512657156, 0.00040649042833667946, 0.00018914362209657173, 0.00027511884792747496, 0.00033179071111129067, 0.00037167112704978173, 0.002136037595966663, 0.0036380513953916975, 0.001206544849173624, 0.00043278159738002644, 0.0007647928024400762, 0.00021571327468567536, 0.00014095840068024606, 0.0007986866228861803, 0.000701480619704053, 0.00012619869290190586, 0.00015933884851906444, 0.0006396665446357145, 0.001065153820195934, 0.0007431534529125476, 0.004584794206760292, 0.0022643568466183266, 0.0005521351189442141, 0.000580645792856507, 0.004203227705838773, 0.0031725401200824897, 0.0006829444124054379, 0.0009303994460677051, 0.002941512952568749, 0.00026860786064841297, 0.00033865607079506795, 0.0013821688899550853, 0.0019586392838434608, 0.00737756437289307, 0.006418999941250177, 0.0003485352084065466, 0.0002484465221913236, 0.00021654425119200813, 0.0009194492516256327, 0.0003099413647767402, 0.0016442282467169897, 0.0017469656556318694, 0.0003196449735509352, 0.0003641286297997064, 0.001271909907434957, 0.00383643002935493, 0.0006541628547434306, 0.00034815750259096595, 0.00019559590218170737, 0.0009964700311050644, 0.0013129939930325001, 0.001921590261900949, 0.00528874895973515, 0.0011154690495711553, 0.00257490756243642, 0.010412954331601037, 0.0016566724574821438, 0.000641916142479394, 0.0029375713038090395, 0.0015669256668086019, 0.00017284798789567573, 0.00021120983114015113, 0.00044275807120646164, 0.0013203048074784975, 0.0050542103089919865, 0.020716554209084415, 0.004580540220338649, 0.0004954663496529362, 0.0003185488474996813, 0.0010241519566103387, 0.0010987692807382895, 0.0005185675500033587, 0.00044114234212137935, 0.00041604527776547927, 0.0005125421481021178, 0.001614804748352559, 0.035661521464663073, 0.033730271266448966, 0.004192290593639484, 0.0016739590906482468, 0.0005657387614878496, 0.00033251023871906795, 0.00015850008823371678, 0.0009491588966783737, 0.0015700598685214257, 0.006060043000045634, 0.016563413045751776, 0.0028104187933403807, 0.0022223353186876316, 0.006120546146819096, 0.007356944569267313, 0.0008785541089685563, 0.0005722024086079034, 0.0009501698188312762, 0.001274529254640176, 0.0003663200970232769, 0.0026834285426355115, 0.003958199011905075, 0.0007410930417011106, 0.0006502079519979622, 0.0012731420891352392, 0.004191362579335609, 0.01305801003238671, 0.006899939939459528, 0.0011106250226778733, 0.00033261431697413114, 0.001612164685208443, 0.007821972539459664, 0.002825889071088071, 0.001542787630974965, 0.002919397944924418, 0.0005217237401780597, 0.0003970394733896195, 0.0008317200751509497, 0.009252247963660826, 0.006635152580209221, 0.0014562235037557443, 0.018236020236758698, 0.0008838371515141556, 0.0003708992206813303, 0.00039930993977845745, 0.002585369587775582, 0.0006341814632396288, 0.0007697766269368608, 0.0017250454726013699, 0.0010357557761289944, 0.0016950167441980729, 0.014414894528287672, 0.01212390880450331, 0.007692586266043341, 0.002013668004962976, 0.0006685816870603798, 0.00047868976976263343, 0.00047167933784294196, 0.0015394297871243916, 0.0011103586203139362, 0.00020934452837195237, 0.000262645299744337, 0.0021051387392585393, 0.0010458438647840652, 0.0006728062566805005, 0.0048325378788751224, 0.0023161905092011813, 0.0005256296610918859, 0.00047302282558770164, 0.003989308138925415, 0.0034962116936918405, 0.0008909267680434441, 0.0008017152427527593, 0.002534146420980307, 0.00033410839393953616, 0.0004251670788730699, 0.002109700833945268, 0.0023640987048151813, 0.007049410922032474, 0.006066758378536376, 0.00010040599785515342, 0.0002819111253461286, 0.00017503819711826184, 0.0007660884684331019, 0.00019834081947214653, 0.0027385920146572014, 0.003048728292281813, 0.0003611019177783169, 0.00046240133600159203, 0.0009365841037699168, 0.003738508458482009, 0.0007047333721344691, 0.00034194124716902083, 0.00019644420981596535, 0.0008717470759101282, 0.0013013426178202924, 0.0022052311836754284, 0.006238899175894824, 0.0012921656934869008, 0.0023814922887832896, 0.008975149406328018, 0.0012715143180850735, 0.0007546555436153573, 0.003453606655583974, 0.0016774765301397375, 0.00014858207531031045, 0.00019396255196595485, 0.0006436063197817449, 0.001206592247808942, 0.005436712681599995, 0.023031659460075356, 0.004265941756913552, 0.0006509378803204315, 0.0003263334073364619, 0.001612195908494693, 0.0017164024428227484, 0.0004993009696970547, 0.0003418210840377562, 0.00023270030706793392, 0.0006206258244817259, 0.0005662839098725387, 0.03558432483589718, 0.03295350549085054, 0.0037197563467797033, 0.0017727906861731216, 0.0007088643886868342, 0.00033756165905727653, 6.377152298478992e-5, 0.0009553798709655157, 0.0024730733521698862, 0.0058512649358741274, 0.014928296131002192, 0.0022754996672300276, 0.0020756183498027705, 0.005678981432152758, 0.0070570171842924915, 0.0005124514468343366, 0.0005989946186079747, 0.0006920815056536, 0.0015450274903247604, 0.0005078411817741187, 0.0030026219214930316, 0.0045538195397383605, 0.0009618362715095275, 0.0008112504939095351, 0.0017822062014885918, 0.003959788805709425, 0.012265459085459713, 0.0069154133153158425, 0.0010087259314044937, 0.0003952505034924068, 0.001090303002606271, 0.0073210046158513915, 0.002628984429160298, 0.0033245998878105288, 0.0054401118798529215, 0.00030320594491290575, 0.00046758484175692236, 0.0002794332223989289, 0.008611175168533446, 0.006254642011617306, 0.0012883933269160121, 0.01774147882218281, 6.158223063123771e-5, 0.00047978256786544444, 0.00020717661950801671, 0.0047619878983795, 0.0012817378489018494, 0.0007339927783632615, 0.0018574717187911053, 0.0007430248272367463, 0.0013738615574348351, 0.014044433005938939, 0.013138242751062446, 0.007577120801456345, 0.0018404580289859023, 0.0013457081435427581, 0.0005798994658225869, 0.0005538863926478314, 0.0021420558538849965, 0.0015518147693861567, 0.00024895778868738163, 0.00034351721173315195, 0.0018900253045395364, 0.0004093184032166636, 0.00022660451091880606, 0.002268838871854275, 0.0011613586577058348, 0.00017993066416585542, 0.00015968336053825, 0.0013426544074638031, 0.0017625340819384793, 0.0011305952658699082, 0.0005168224473639282, 0.00039259127948192607, 0.00026782893520345934, 0.0005186264618502482, 0.003280755999009207, 0.002270634504770838, 0.0017063175474587248, 0.0015299445029087985, 1.2935636497950724e-5, 0.00016167153931157777, 0.00014063678142447024, 0.0006407710529948304, 0.00023440430890248488, 0.0036729183191410372, 0.004926745947808686, 0.00048398194781578655, 0.00027657202496807925, 0.00048309266574734274, 0.0017249436842284255, 0.0002832597904399177, 0.0001692772173636392, 0.00016002191391935064, 0.00040097121661791286, 0.0006846351299037337, 0.0012259462215355634, 0.0034363523409648906, 0.0008136863043223721, 0.000861117334904937, 0.0011645467689658884, 0.0004570470734284803, 0.0006845069284700229, 0.0017973493681439161, 0.0007748739546790458, 6.676794261337171e-5, 6.0659245907154384e-5, 0.0008311907022872802, 0.0005669043947122452, 0.0014383241258984834, 0.008097351693300482, 0.0015526763690281308, 0.0003458775673427518, 0.00026754035564500957, 0.0021658818724602253, 0.002119422039755549, 0.0003093954796045285, 0.0004433607115657014, 0.0003538275612454681, 0.00030513703394235243, -8.050161455805236e-5, 0.007247661087629699, 0.00580316797872202, 0.0014892202453017421, 0.0014952983257403292, 0.0003508044893423568, 0.0002563526949295268, 1.2058601204331719e-5, 0.0015168787866078055, 0.004175680741878962, 0.0023022107412774963, 0.0029019094912100373, 0.0005283410654636014, 0.0005725332802294105, 0.0013553722476497758, 0.001841709293412673, 2.090805626958306e-5, 0.00022729271584614498, 0.00021094785864629468, 0.0020623987439310877, 0.0005488177900001801, 0.0029774339549112293, 0.004047217139806719, 0.0008495314359398626, 0.001005556621511748, 0.0033408525291803784, 0.0016867724099041482, 0.0021321192444222464, 0.0024862865141718226, 0.0008526048834153272, 0.000310127183200778, 0.0003170182299922589, 0.001640834727708446, 0.001666814099529403, 0.00711722404213126, 0.009790224503466938, 0.0009188110849130096, 0.00019924910434042308, -2.0806519474640147e-5, 0.0019181589861374817, 0.001078305412781804, 0.0004300394797636497, 0.003837521034124277, -0.00010600702907248463, 0.00024757887654716453, 0.0011138092679936291, 0.008797269259194686, 0.0024218281953205267, 0.0006994296072711673, 0.0005759521327648956, 0.00043996531096349395, 0.00048754470978156167, 0.002392581016990396, 0.004794583997915117, 0.0016639514510724343, 0.0010944206272398855, 0.0034478276950993206, 0.0011363547384422236, 0.0004973339284721097, 0.002653835852785653, 0.00193908368474406, 0.0002600934178031951, 0.00021336392741273216, 0.0008001037852456098, 0.0005622407709739419, 0.006119313193002067, 0.005543385541477283, 0.0037202851402520533, 0.0006013824425680528, 0.002391498639266988, 0.0004278522214526451, -4.4105500939809096e-5, 0.0019317952909605396, 0.0034536544248562713, 0.0004716036224199549, -0.0002078174115421997, 0.0059019787933710394, 0.00016401798238085556, 0.000801963127051738, 0.0027872257912565715, 0.0023274262936947322, 0.0002344640527138176, 0.0002896789394773455, 0.0029712901846656006, 0.0026650928956429326, 0.0006619339677684077, 0.0037877877375572565, 0.004074361665445834, 0.00043350894687548816, 0.00039921043661927117, 0.0017171414850568152, 0.0007012317170734728, -5.504803300802915e-5, 0.0002798139718033102, 0.0011662820815966255, 0.0004040717842029352, 0.0013048998599459534, 0.0014419371641841779, 0.0007317287641802258, 0.0005064987984036099, 0.0010082965132512012, 0.00031889716472300526, 0.00015840235369995624, 0.0014053405888669666, 0.001439796831545821, 0.0006250768936694861, 0.0006274323881215514, 0.0021288359827319817, 0.001015809642697482, 0.0005530776385606095, 0.003265364190192708, 0.0028347649181920246, 0.0006464599699080087, 0.00013751538549045463, 0.002023893527573083, 0.0001385118931137851, 0.0013152848880917424, 0.004901318572726696, 0.01066604738574472, 0.0007026435301113697, 0.001005010206074367, 0.0049096196417264095, 0.000682963242257313, 0.0030812142170726585, 0.002492977401456032, 0.0040941097022066854, 0.000407822265014415, 0.0011961758869142908, 0.014700221206339646, 0.01129351667741517, 0.004016147677711627, 0.005719280136816869, 0.003136996134542388, 0.0010456768284691498, 0.0019139950158932576, 0.00550774618180112, 0.006994786674551359, 0.0007392881001788127, 0.0010580217544478659, 0.0024393123345365646, -0.00023102282477312528, 0.002866247297540139, 0.00563074819132812, 0.006179988860172644, -0.0015137815024274738, 0.00904337268990879, 0.00207766408145252, 0.0008476914896978396, 0.00417520477960805, 0.003040179365704691, 0.0008027784219495369, 0.0004550458884387838, 0.005253269409579179, 0.0012959962713833808, 0.0024394527733143153, 0.031353397586932764, 0.033264420091900115, 0.0027370533486946506, 0.0007674993681099906, 0.003548697958805616, 0.0009595659065478386, 0.002033052895035928, 0.0007704985815100418, 0.003997060085152722, 0.000982522003749744, 0.002252403083524308, 0.016702692659979947, 0.001966269353389206, 0.0039157930146680835, 0.0017818761917638894, 0.0017229148213278467, 0.00019068982794928505, 0.0005551113529820078, 0.0027679878389027185, 0.0007720007621496881, 0.0067374576227132894, 0.005551947127192743, 0.0028109443954070228, 0.0011716457643480343, 0.001589555112520499, 0.002667099966040114, 0.0017524038329310345, 0.00010276321622899385, 0.0005451114933720665, 0.0006877979655766115, 0.0016188974241537995, 0.018947045925921287, 0.031147299068765306, 0.005684324820832044, 0.0012639462209682525, 0.002860818753918932, 0.0009188742095691914, 0.00047216762037177186, 0.011744780366517629, 0.006773086259837427, 0.0014849836854394184, 0.0005771432738116485, 0.041938060332751534, 0.002190490169602425, 0.00301365021635288, 0.0032526470659008256, 0.0064730839123562705, 0.0007077934547312843, 0.0010290415932433146, 0.013366226182388835, 0.003844279752901746, 0.003868387132911762, 0.018038781919203942, 0.015936171512168494, 0.0014816005649366123, 0.0012253055848252619, 0.0021022935254679355, 0.0034921638624810956, 9.232588397718088e-5, 0.0013373869062425507, 0.0018587920773464467, 0.0007268443500186453, 0.0022878837132051643, 0.010010195887242166, 0.0012150066499718296, 0.0026495349336116973, 0.001186067050219595, 0.0009316587120567475, 0.0006617235919131573, 0.006475280618751463, 0.004673187140873758, 0.0017246718946114323, 0.0011793169122784517, 0.005646271061711002, 0.004254321683020838, 0.001295229335843217, 0.00600662389305813, 0.0036446715566441435, 0.001373655251842851, 0.0010519762536923, 0.01228003407354204, 0.0003758519990805739, 0.009646743924775783, 0.010832447779251967, 0.06150841085064811, 0.0036696743068700705, 0.0018651604391897252, 0.005335425826622619, 0.0014753351024681305, 0.003396538506487766, 0.012589062019883895, 0.008408714895730703, 0.0009899405108622001, 0.003561818749074849, 0.04017453150846936, 0.06502302027394488, 0.029686385689757365, 0.011021359758879998, 0.014138146316783258, 0.002404529028350202, 0.008513100965720603, 0.0272752146756311, 0.007984329001325166, 0.0012784631377977373, 0.0019955707633204007, 0.01037568573037434, 0.0013381298232561008, 0.013336711060898511, 0.010990506788506766, 0.057299159692174736, 0.001434249222215134, 0.05423420828172586, 0.0052736154288914065, 0.001615607411830543, 0.004637317161968906, 0.009175520804372174, 0.002764774058619777, 0.0013121254778531537, 0.006073109065001948, 0.002721170976648033, 0.010574279987544804, 0.14693972002719413, 0.11847514288960018, 0.009912870229946615, 0.001750755123459207, 0.00498076104553346, 0.003157285520632561, 0.001439985346025304, 0.0018747738454512493, 0.005415630971624769, 0.0021355636685450752, 0.008172514981195807, 0.11005523234643183, 0.010027702428657321, 0.03782456160952873, 0.003988966566528206, 0.009232232788171077, 0.0007654273400165643, 0.0012188681723972346, 0.005264914763436501, 0.0021523700684901383, 0.008207977899738041, 0.0347917961195154, 0.011511179583589595, 0.0024257743804379428, 0.006731868681216545, 0.006389455202486205, 0.010452103987165251, 0.0008142869821256533, 0.001796282680271353, 0.0010562740473298573, 0.001474051001245304, 0.018749210544841136, 0.03216830313239188, 0.0055411956233264404, 0.001316306691702144, 0.0025336910022238915, 0.0008187213631142997, 0.0010106589256568754, 0.012469758559572454, 0.005832187959488018, 0.0016501155725128119, 0.0021614028871459693, 0.04472291247279228, 0.003432507503817881, 0.0026110662297163766, 0.0026501787669612675, 0.006026141450351057, 0.000721886243009456, 0.0010515587496358423, 0.012955560087456436, 0.0032318897923341284, 0.003571462144344279, 0.02006628690695844, 0.0173715880371135, 0.0014691195798454183, 0.0013602412992711642, 0.0017939062983585447, 0.0037481530840356996, 0.00045003797951667976, 0.0014755458365901452, 0.0018956469673934568, 0.0006352954353417254, 0.003337936978486686, 0.010977247261251875, 0.0018540346109719435, 0.003073902258526824, 0.00113364475566251, 0.0009773518137461757, 0.000761393918084154, 0.0072920830288555815, 0.005673755721944637, 0.002488091947324257, 0.0009234442709367019, 0.006530652546252088, 0.004535200883164909, 0.001245892315651171, 0.00541643709083624, 0.0032302875333647257, 0.0013263322687996743, 0.0013784071047471104, 0.013025780477582362, 0.0011136756357391284, 0.010621830116839731, 0.01024967423303717, 0.06162282584580989, 0.0050957886023643584, 0.0014662845676367419, 0.004414613097366588, 0.0017038110015509711, 0.00291497116080735, 0.012380140363714504, 0.007386027705756687, 0.0008773528268519154, 0.003627542464215768, 0.03547133532544414, 0.06651194554124297, 0.03247040071122166, 0.011566243649292839, 0.016368543349193587, 0.0019406753222786974, 0.010292861314316362, 0.02745492709441095, 0.006453180297576942, 0.0011370574658746495, 0.0018763121039785252, 0.009760770313108652, 0.003268311410819774, 0.01477774923201342, 0.011430037436762365, 0.06526051986107845, 0.0071216608572905685, 0.055136509074075454, 0.005586701506065418, 0.0013696983309798023, 0.0036100351076808696, 0.008574746790432682, 0.0030724622951047247, 0.00120209045248109, 0.0049020758807283155, 0.002216018482992032, 0.013209310530810484, 0.14632387047924417, 0.11263598514150515, 0.011066166173522768, 0.0015071555953563938, 0.004147087794348617, 0.0030860342367852807, 0.0011100035461488998, 0.001954305993925888, 0.004483692242139194, 0.0019123976073196582, 0.009100003547939026, 0.11393378097045742, 0.013807680343346111, 0.04416772712129486, 0.0049575768291566635, 0.01016507384377845, 0.0008209937300474863, 0.0012457405683389284, 0.004728094817851676, 0.0022482088023829997, 0.007316297673269162, 0.036767055170664864, 0.014163960817625689, 0.001877037794856123, 0.008361027136164084, 0.007524998485014079, 0.01171634642078754, 0.001189604366823951, 0.0017211575312557183, 0.0010422430363681173, 0.0005086084018022242, 0.005308691921217152, 0.005210329808524667, 0.0031709859968773613, 0.00046546704071755705, 0.0017187721008126479, 0.00037793905054573046, -3.4701854540928896e-5, 0.0017478115016294408, 0.002542564292702269, 0.0003506221519822134, -0.00019551133604932242, 0.005873894458479079, 0.00011713974642469051, 0.0006469772814333024, 0.0017205062256996373, 0.0015638980824904058, 0.0001707423296155814, 0.00024396921740124238, 0.0025125445030385195, 0.002003303345811462, 0.0005958712230085316, 0.003772875978743023, 0.0038511139632887168, 0.0004156171640454411, 0.00026545928153597146, 0.0009554265630042217, 0.0005190833081316195, -6.939471852479316e-5, 0.0002831089881033924, 0.0009139356529022572, 0.0003371585217593943, 0.0011712981961454314, 0.0014974986379606694, 0.0005734810431605638, 0.0004129269638145715, 0.0005872905476453064, 0.00021158718545624802, 0.00013946136731695665, 0.0013433916614918873, 0.001392484286278074, 0.0005507712022030113, 0.0005577301889847709, 0.001876512359410501, 0.0009338347498303901, 0.0004015671153042313, 0.0018222513551520818, 0.0014896931029092966, 0.00042573308305858, 0.00011130114844369487, 0.0018579092041104037, 0.00012790719959827066, 0.0012919005079470541, 0.004155060132465084, 0.009964015500547471, 0.0006189954304815109, 0.0008198210086833781, 0.003019121535875262, 0.0004867623827206806, 0.0024159196255026847, 0.002070148455856534, 0.002959285098277019, 0.00032991979535384493, 0.0009724225986223231, 0.012101752745680245, 0.010596921604828186, 0.0039592987845883335, 0.004727390492421893, 0.00281318657499317, 0.0009854534415142298, 0.0016556885729195015, 0.004692319885680038, 0.00497200200608479, 0.0005270000347903164, 0.0008052253303649771, 0.002073629884192146, -0.00030274229520426256, 0.0025283675264356213, 0.004945022723646353, 0.006659658101739933, -0.001414233316064213, 0.008518061962446689, 0.0017398355664131494, 0.0006308201391118214, 0.002403668770790046, 0.002027472057127285, 0.0005873233139481482, 0.0004197655553580522, 0.003030210062325307, 0.0010940113438064406, 0.0021959164970096435, 0.028966487354234346, 0.029302802369841736, 0.002399141831517586, 0.0006524866648078334, 0.002136216575430492, 0.0006468462491658285, 0.0012058044410678446, 0.0004956814930445748, 0.002190561415961308, 0.000774623530429977, 0.0020446998202365554, 0.016311545923495464, 0.001948053114562528, 0.004364153423844145, 0.0017416637027292759, 0.0015647556405447034, 0.0001679628766141276, 0.0003411329473369664, 0.0015509416799406152, 0.0006034420870372682, 0.005422164776963475, 0.0053172322571423325, 0.0025924642792519697, 0.00109561482475442, 0.001477135500311607, 0.0024248798765788473, 0.0017356947194117963, 8.247601871069798e-5, 0.0004146595441387712, 0.0004821276956324466, 0.00015019349333764018, 0.0019329550550790699, 0.0027153285262054676, 0.0007718195664661494, 0.00010969612930265615, 0.00045764136458134835, -2.802720795087324e-5, 0.00015986579750852702, 0.0014487250996138854, 0.000991769034918797, 0.0001844993273045868, 0.00023791802570400413, 0.003680842013597149, 0.00037484912579432154, 0.00011477588835143335, 0.0005508487075124828, 0.0009481645144121913, 9.518528597602691e-5, 0.00012070206657551937, 0.0015681260410050346, 0.0005640486148503611, 6.25277860913974e-5, 0.0014966325775837158, 0.0014180163709976582, 0.00014564494357432344, 0.00014190204173540122, 0.00038293370190022155, 0.0004193603937108692, 7.114945170946865e-5, 6.4943523299857255e-6, 0.00028277023106265903, 5.0751025124533804e-5, 0.0004070279173075679, 0.0006064621813146951, 0.00023981945901744163, 0.00013135046373511825, 0.0001940609910661807, 0.00013722007458418582, 9.004950046264323e-5, 0.0006048543548740939, 0.00049323200696263, 0.0002914805821170218, 7.757875989322473e-5, 0.0007621671697257364, 0.00047166139282089794, 0.00015084620345657716, 0.0009813491409654317, 0.0006292373545302345, 0.00010603149298087307, 0.0001710670426863043, 0.0012301780309223727, 0.00015711955428347795, 0.0010330130898728702, 0.0015797937544405696, 0.006587702286436266, 0.0006941295905750098, 5.528786328482911e-5, 0.0008712520728357276, 8.227405396787701e-5, 0.0005147738935357947, 0.0011988890661979164, 0.0010911732092058841, 0.00011522754098292198, 0.0004608052951490332, 0.005285447601298251, 0.0077073494641036935, 0.0027252690443740108, 0.00152723731891441, 0.001451982971260668, 0.00016323877959915163, 0.0010051938942223192, 0.0027473926528543235, 0.0012407001550114893, 0.00011230985270478894, 0.00030652081150485736, 0.0009178663279653216, 0.0005042799974317527, 0.0013731871983638845, 0.0014424750618579315, 0.005316855501331503, 0.0011713933441291407, 0.004354619650132218, 0.0005875901826782001, 0.00011889694216890115, 0.0008951795204885739, 0.0014086170144061165, 0.0003696098885139353, 0.0001289087648078293, 0.0010390431992391526, 0.00017786317313530647, 0.0015136296197656126, 0.016003390318424533, 0.013664252319378208, 0.001254152145090192, 0.00016198581152282015, 0.0008336929871599594, 0.00040638403688252826, 0.00028863206454353494, 0.00021199157742300364, 0.0010230028868926156, 0.0001842853837849794, 0.0008640046093798706, 0.01004200677061396, 0.0019552195490106046, 0.003944017303951282, 0.0006161156470026496, 0.0009783416105912865, 0.00010265212453007403, 0.00018141070499894666, 0.0010102788315803904, 0.00016531680987278693, 0.0011910113637094745, 0.0029941065264352884, 0.0013850135074089812, 0.00013706040067626234, 0.000781128395187432, 0.000866831278731924, 0.0009966843440304823, 0.0001490881112926024, 0.00020629670686405047, 0.00021487660446403814, 0.0001270383873920457, 0.00129417368911741, 0.0015735595640474743, 0.0005209383294980525, 6.907343826735182e-5, 0.0005354897274208262, 3.5405037383590436e-5, 5.2578908725429036e-5, 0.000957209009698228, 0.0011520229049020992, 0.00014172377232575493, -0.00012221799144988702, 0.00195867176426771, 7.668013114582242e-5, 0.00018195575742637003, 0.0008624650925059987, 0.0010172688532121225, 8.482255948398794e-5, 9.065941331085305e-5, 0.0012285469925418953, 0.0006380281398022372, 0.0001741108775855737, 0.0004792640733028035, 0.0006515006933507561, 0.00010268046586615402, 0.00011883982220496018, 0.0007206032356948283, 0.00033937775002801336, 7.570642006108903e-6, -4.505053213596661e-6, 0.00022290925250271495, 5.779713090538878e-5, 5.472895882811289e-5, 0.00026688620766680165, 6.752240618129404e-5, -5.640605855044038e-5, 0.0003108130697064294, 0.00010410691848862384, 5.48614348134051e-5, 0.0002867557384357147, 0.00013015387162279134, 8.687593944677814e-5, 0.00010237243585012695, 0.0003917969443105376, 0.0002996039707535775, 0.00015174649647763764, 0.001117202172846666, 0.0007608493150907676, 2.2075553074050867e-5, 8.126680500737709e-5, 0.0007502315474098466, -1.0289142497360875e-5, 0.0005947764666677986, 0.0012847109975689546, 0.00435393544377379, 0.00032850761760963495, 0.0001572697356260938, 0.0014860109399615635, -0.00012379189524886044, 0.000577494713909015, 0.0009100591942846178, 0.0012042657459319197, 0.00011667552653458739, 0.0003531999940965207, 0.004720016119378059, 0.005000786949283156, 0.0015702751899321918, 0.0012508107807227265, 0.0008586799628228755, 0.0002040543313523109, 0.0005297782665177087, 0.0020020052466867997, 0.0015998878220524308, 0.0001176090749698131, 0.00031480554050669797, 0.0008384321473648975, 8.103600190380398e-5, 0.0008948731986256622, 0.0010837608172968752, 0.002597894874653663, -7.791821604645087e-5, 0.003055979033448153, 0.00041715412120093133, 0.00016587756003552597, 0.0016936658466773717, 0.0016206971882724672, 0.0002989322722736073, 0.00012800174069725183, 0.001955192052215753, 0.0002586836073401197, 0.000676175341128501, 0.010323844653620774, 0.009684991995350098, 0.0007059483516644771, 0.0001832006093848897, 0.0014320937518565717, 0.00043949308538408706, 0.0006313417127406756, 0.00018708566551675371, 0.001749955598552057, 0.00021405791631959366, 0.0005011650808100009, 0.00605334243452537, 0.000661651106917326, 0.0017793605266835277, 0.00032559090342200545, 0.0006263031608692861, 8.24352649962851e-5, 0.00018160864390784638, 0.0013996088435919742, 8.141961822732274e-5, 0.0010299803898271666, 0.0017276735570929459, 0.0006112807137707419, 0.00018460385687423312, 0.0003748006240198304, 0.0005195081041410592, 0.0005469061611618733, 5.477079374868696e-5, 0.0001948146104682027, 0.0002674143750731213, 6.898993373943079e-5, 0.0007698523234184315, 0.000521683678128226, 0.00044712362032678436, 0.00012579366209815592, 0.0006359423134922216, 7.53907423144277e-5, 3.275083792549904e-5, 0.0003704495545576841, 0.0009334375563791803, 0.00013577572778811627, -2.9841718978265698e-5, 0.00046563980849133205, 2.991392893097975e-5, 0.0001644184837238969, 0.0011384212375339633, 0.0008732234158448718, 7.32630593217738e-5, 5.2830241716813476e-5, 0.0005290368843554386, 0.0005855613856533351, 9.202239388504701e-5, 0.0002525544361144508, 0.00040645381992160715, 4.673038977855277e-5, 0.0001764263878370108, 0.0009722384198661508, 0.00028234374595613687, 6.0582809324393226e-5, 2.8984753681575563e-5, 0.0002286686929549662, 6.441930077328328e-5, 0.00016393757751848454, 9.829979325377206e-5, 0.00030347833582734123, 0.00014313148640659361, 0.0005489238224591325, 0.0001334694177482854, 3.694001147149121e-5, 0.00019324358319952853, 0.00019445447109405067, 0.00012290135860813488, 7.573798746077767e-5, 0.00027722895753522334, 0.0001238186968450974, 0.0001788624609501814, 0.0016687148986493528, 0.001577316274661541, 0.0002454893498065049, 2.7712814262273352e-5, 0.0003331622617443968, 5.535426379816665e-5, 0.00016832600597681014, 0.0007317218833120806, 0.0011405984556030653, 0.00013273033962785157, 0.00022287068830867323, 0.0021960245795947884, 0.00016907547047836154, 0.0006203697602299013, 0.00048726873206165203, 0.0011373663756438007, 8.664712706305611e-5, 0.00020441225156823066, 0.002245206891462152, 0.0013511685699201792, 0.0005790208494657916, 0.0013037069860575429, 0.0006808055623491159, 0.00011334859172902763, 0.0003699421866630416, 0.0010055208702797536, 0.0019887670435180848, 0.00021251487215000236, 0.00021764177348750538, 0.0003690165170104413, 5.4813916370274996e-5, 0.00064906021983512, 0.001025177706793608, 0.0006119958320963297, 1.1593812670690707e-5, 0.0008396735925754394, 0.00023999781035512327, 0.00023863182822157945, 0.0022043983785258368, 0.0013317746711717026, 0.0002896183970499561, 7.460809524128976e-5, 0.002736027606877622, 0.0002603693407387786, 0.0002764943586797923, 0.002998844427694685, 0.003526400610368921, 0.0003154797895576694, 0.0001503517754275554, 0.001767856118823301, 0.0004285665198963764, 0.0010928430382671776, 0.000351156508661012, 0.0022756193506984538, 0.0002396995277308909, 0.00022089822401216767, 0.001327772585695372, 0.0002955889611716622, 0.0003276422684798236, 0.0003032770057779985, 0.0003925115359962688, 4.6255436578493426e-5, 0.0002815875850956422, 0.001617639668825165, 0.00018550779988140353, 0.0012139530984712726, 0.0005491215421020542, 0.00031876714888664966, 0.00010966818324817955, 0.000278213769361765, 0.0005118819336544468, 0.0002543107712740417, 3.443788803806342e-5, 0.00015163177487745013, 0.0002516944817118968, 0.00012792402268622816, 0.0007277001444286368, 0.0007323528981736077, 0.00032595206312544553, -3.155535270925633e-5, 0.0006447719808070834, 4.81936286870014e-5, 0.00012088922075446516, 0.0008481818990087051, 0.0008958390843251071, 0.00012516040564954098, 9.136381886460184e-5, 0.0007208701693030467, 0.0001406450871615459, 0.00027416301917674224, 0.0013818523829862506, 0.0016594848114851587, 0.000122154209413303, 6.963657325550899e-5, 0.0007350320426604642, 0.00041776113347034914, 0.00013413979253845953, 0.00035299284461049287, 0.0004328882598019588, 0.0001787039799666087, 0.0002162263619521153, 0.0013489770776185918, 0.0008640289394643743, 0.00014451460780951162, 2.34658070077776e-5, 0.0001732514931434091, 1.8065403680999897e-5, 0.00016118412432133912, 0.00020992235897334267, 0.0003415948408166336, -0.0001433270919931152, 0.0012039660422677233, 0.00048013124692687496, 0.00013141010209892967, 0.0003358253450705085, 0.0002907257589598466, 0.00014600412382452494, 2.7850048793152542e-5, 0.00018214918486303563, 0.00014548766104540266, 0.00032542153003816993, 0.003893816709317607, 0.003263717616861172, 0.00024873310464529645, 0.00023140339757345615, 0.0006994155647908704, 0.00012158989569659947, 0.00027438787035801164, 0.0003495067253594602, 0.0010481073399086335, 0.00027235849287498307, 0.0002099725353613471, 0.002890140606355376, -0.00044706361879142623, 0.0007732040759916262, 0.0011702193281376261, 0.0013743290983788846, 0.00015271708233178055, 0.0001450985275194518, 0.0013115017483818318, 0.0015210448575980512, 0.0015868304465248267, 0.0015889057138347596, 0.0011238848109009142, 0.0002493255658824159, 0.000446211890717296, 0.0018392154788922294, 0.0016401073223851564, -4.767327930205751e-5, 0.00037862260913417605, 0.0005088715227464743, 0.0002143843092618541, 0.0011837764559297493, 0.0010951889745859451, 0.001651870548478863, 0.0002885581249629741, 0.0008547370360362772, 0.0002878924794447642, 9.301301062294798e-5, 0.002435087611212337, 0.0025810691158214853, 0.0004189251853913279, 0.00022217916650041044, 0.003156659029591784, 0.00024426163135691424, 0.00031801769481544636, 0.0020717613543344456, 0.0019489651309605258, 0.00022467326059209746, 0.00019616089792955985, 0.002109462815367258, 0.0007961660300800295, 0.0009692551951302169, 0.0002850183537045502, 0.0033552781055258413, 0.0002571306547323606, 0.00020129454691245985, 0.0011183543540484171, 0.00029744302762327996, 0.0006589171424857039, 0.00031538973922291065, 0.0007603486354604878, 0.00019504497270221463, 0.0003964434991348463, 0.0030824606642828973, -0.00018767968341502222, 0.0007893254032097349, 0.0008212215645219253, 0.00027038082117398045, 7.083045229086844e-5, 0.0003463598095559919, 0.0006056391124618066, 0.0005560053666638176, 0.00011280286482920736, 0.00040677118980235157, 0.0005635940575493064, 0.0002982824677235325, 0.0030969413082390564, 0.0013582962408609845, 0.002048244765384444, 0.0005398034414130313, 0.004134352324642386, 0.00035736443156239594, 0.0003221158842424081, 0.0011323517981801116, 0.004374585524708123, 0.0007773391346558181, 0.00018070500352597522, 0.0009920577747548748, 0.00024651219234532, 0.0008540263151959299, 0.008290245867439512, 0.005034219274048311, 0.00041696582797587877, 0.0002076775739929153, 0.001539557384916326, 0.00237038987473909, 0.00032689197443628074, 0.0009313081053070392, 0.0016691590461434859, 0.00029484534477497947, 0.0014952152047636755, 0.008857491068554886, 0.0015834493320263507, 0.0008261449482755716, 0.0001412582209988458, 0.0009195399093034288, 0.00020959402223071788, 0.0008033868473564241, 0.00048316692589889276, 0.0036141488578947424, 0.0010502504148002714, 0.00872715362886176, 0.0012997815038247019, 0.00029299276717441406, 0.0008035577671899358, 0.0010219905348459802, 0.0005951750588845935, 0.00016545467678429662, 0.000790605936590233, 0.00041954819780653363, 0.0013361620167468063, 0.015227993293981728, 0.016585869823202166, 0.0017821675749255372, 0.0003182702158183627, 0.0013631644656677275, 0.0005687337921260619, 0.0003234435204150859, 0.0013059162755771872, 0.0014917291462337083, 0.000579475091198373, 0.0015190447574990335, 0.021550136635760515, 0.0009143234978019449, 0.007004855041215841, 0.0022293412882478563, 0.007173371536379698, 0.0004798752970445473, 0.0005987663874815047, 0.003978336072164668, 0.0018958895030353222, 0.002120736615928886, 0.00925590239698225, 0.004885697293913879, 0.0005196958038474612, 0.0022193395634137088, 0.004156840211922385, 0.012295575940761978, 0.0009080510697165267, 0.0012789498906264052, 0.0008634286041657568, 0.0003941658426149902, 0.00394095960718767, 0.006691172457651374, 0.0016673702398887066, 0.0005800225658764592, 0.0012002806020025734, 0.0007427923646435016, 0.0012411245308579563, 0.015339361110904726, 0.0072339705237529014, 0.0018812849839555516, 0.00044882633359961727, 0.021722093115595448, 0.0015236505311661914, 0.0006227548014881929, 0.0032018534185064883, 0.004043717632664582, 0.0006044933313460502, 0.0008215238223192966, 0.012865408440154446, 0.0023154220646780734, 0.009285051948638445, 0.00198340250381076, 0.01722600332132359, 0.0014148082626226602, 0.000523468549592239, 0.0013562220337225849, 0.0006352114652905154, 0.000568503093864427, 0.001807745149524637, 0.002057610283482342, 0.0003373284759486719, 0.0019359558032968848, 0.011204569637779938, 0.0007448225555508809, 0.006733871504484968, 0.0015794142191683145, 0.0010195412581379612, 0.00023675477222746122, 0.0014504135912354168, 0.0027889618361373286, 0.0009439250078136429, 0.0002388505310939532, 0.0007834061363142693, 0.002851041252668377, 0.00037166543884293636, 0.0032928021035515034, 0.0018091357148107303, 0.002086128719012375, 0.0002603950476079771, 0.004051655628854288, 0.00024775417638536935, 0.00037021387096666277, 0.0016382425585406775, 0.0047390470952842646, 0.0006775260832316179, 9.890369923025986e-5, 0.00167806605894431, 0.00027563288691869365, 0.0007649684190135814, 0.00814782129654883, 0.005686848786526944, 0.0004377966710822684, 0.0002321785406791145, 0.002131218368946827, 0.0024770712238193905, 0.00035691509137133917, 0.0008725247346539383, 0.0016520184598026396, 0.00039292690663548504, 0.0011763407713465818, 0.008708107655948257, 0.0017806414802300804, 0.0007523476979313536, 5.610954094921973e-5, 0.0009050975283562212, 0.00016465169205638334, 0.0006699221656929386, 0.00041474383161175306, 0.002927602109400115, 0.00020797265277806365, 0.008207218402342065, 0.0011637135706591356, 0.0003356651772904298, 0.0008454407386377558, 0.0009490547426925976, 0.0005286402497564617, 0.00016866996720945866, 0.000787506427725271, 0.000497275608860015, 0.0012667318247677906, 0.014847492582464566, 0.015019967015371768, 0.0008148009418269364, 0.0004451383187488312, 0.0016119015085566063, 0.0004761674784465011, 0.0005140533582115264, 0.0016436897695851595, 0.0029936625110774957, 0.0007671310768966159, 0.0011572015727936633, 0.020178737450139934, -0.0005157215059027119, 0.0066046993903163785, 0.0024979209325470026, 0.007167749448364153, 0.000529960978287106, 0.0006376538267920998, 0.00552838949874554, 0.0036931125436744983, 0.0027338893960388347, 0.008962426827387068, 0.004428063342489321, 0.0006757312874853913, 0.001960057910068472, 0.004854274602906166, 0.011378581991882526, 0.00039360260925185497, 0.001485808556458827, 0.0011643468510090225, 0.00039499550011616146, 0.0038396705295552754, 0.0065166022735539345, 0.00258651168020079, 0.00040849067163108816, 0.0021988201522983963, 0.0009411804543562671, 0.0008521481706141936, 0.014786583223863052, 0.008017565937437444, 0.0016355232136792152, 0.0005756716423470147, 0.020698093846286666, 0.0013329635420173537, 0.0008454328559013186, 0.006670511372536097, 0.007251010583260949, 0.0007798415776247773, 0.0008248411305610711, 0.012581377666951499, 0.0021686393410630337, 0.008028783591604756, 0.0012797254791514709, 0.01695824378457253, 0.0012442971120371943, 0.0006784200097250817, 0.0033212725120618076, 0.0007362231544179096, 0.0011482542635441219, 0.0017011116171026133, 0.002109709241555429, 0.0004456864367258553, 0.0014841431749255587, 0.011397281973154216, 0.00011669906703529615, 0.006016641604894447, 0.0020690185559427803, 0.0010381244499474336, 0.00029356005716503253, 0.001365391506696471, 0.002785947178479959, 0.0011229398369132506, 0.00026237297615718923, 0.0008443482224146242, 0.0029347746800789075, 0.00023297471947987717, 0.0020701538362694243, 0.0025847248319974953, 0.0008792963857331567, 5.237139652566867e-5, 0.0009773683304299037, 1.599996460430833e-5, 0.00023698669969566855, 0.0018932356994009734, 0.0016212245739167218, 0.00025156730373451417, 0.0002780421862294383, 0.0031672570068705984, 0.00041165644066514667, 0.0003488039914838296, 0.001792217849621479, 0.0024724109272737126, 0.0001966997126726944, 0.0001542082193152209, 0.00184438473830446, 0.0008299140254523416, 0.00015142518472800493, 0.0013575512736441094, 0.001386560457732491, 0.00028234567295594036, 0.0003189997228666399, 0.001620561148409451, 0.001218970900727511, 0.0001958391849843334, 1.0333693070313662e-5, 0.0003730976835392304, 5.187739020080603e-5, 0.0004507023183145226, 0.0005357548684791955, 0.0004477607640075257, -0.00012382529887730698, 0.0012797385183203542, 0.0006046071230021503, 0.00019992513799869618, 0.0007604958977896509, 0.0006283230986785778, 0.0003434241571804771, 7.337616258323477e-5, 0.0006757820433673664, 0.00044419098674607305, 0.00042938637669757745, 0.004673718563377923, 0.003624733626393987, 0.0003187913381898755, 0.0003566329225656869, 0.0015689839593770565, 0.00023475989795105929, 0.0009331673548040981, 0.0014018104704780448, 0.00522670693341311, 0.0007380654810113108, 0.00024224219196543312, 0.003370404862667306, -0.0003928066617957451, 0.0010826612526442438, 0.0020604477728512435, 0.0021514345291643597, 0.00023177593994590218, 0.0004566845615146816, 0.004874124407545732, 0.00650273403437606, 0.0034212245950129365, 0.002596424953304172, 0.0020213660473454046, 0.000339940869503145, 0.0010969656768747519, 0.0037541952185578746, 0.002437434200931226, 2.7120006303981735e-5, 0.0006080561730801112, 0.0011269804833227222, 0.0005803747628038762, 0.00208826845385943, 0.0020339819693922243, 0.005038345823628997, 0.001129376461389221, 0.003567586052271167, 0.0006882534972016448, 0.00017114894421035995, 0.0029692817810434615, 0.003674056342807091, 0.0006749902351213823, 0.00030366540765624524, 0.003742119506761411, 0.00034922653246783063, 0.0013359059256450238, 0.01259878862231547, 0.011154007021137717, 0.0010678531549498218, 0.0002970718913728239, 0.0026237202164454943, 0.001058330550376737, 0.0010366768536911812, 0.0003902177114762062, 0.00403827428785823, 0.00037417950823397084, 0.0007533133485068842, 0.007414031919177838, 0.0016172910284110737, 0.003117755007075221, 0.0006963030706942151, 0.0014093553255187792, 0.000264674837985223, 0.000530031020285513, 0.003867097071509982, -0.00010432560588913558, 0.0015795378134298653, 0.0027424694440879, 0.0011583698200852645, 0.00014775025242637287, 0.0008354393359282946, 0.001169164696771979, 0.0012180794838421568, 0.0002234903403260641, 0.000583593618567614, 0.0007180702888461487, -0.0021749230118915004, -0.010958461574334725, -0.013287363903318911, -0.009070527108166731, -0.0023613646761232003, -0.0060218532475679355, -0.006943940231577829, -0.005096250788047779, -0.003734276822666915, -0.0032633143023226893, -0.001982622322148819, -0.003375637956772036, -0.011550159006134597, -0.011780673382665606, -0.007224489037930068, -0.004944382220345227, -0.004052163303913816, -0.0013574617536534711, -0.0015138808461240517, -0.004139420775213638, -0.0043875796327210136, -0.002540879947194991, -0.012252598075290399, -0.012036317651275146, -0.0030703378945172296, -0.0020755403732819647, -0.0034367344310203725, -0.0030337512329655348, -0.0013555066025360775, -0.0014754225231707837, -0.00337459861604669, -0.003860766783674648, -0.007075731631306802, -0.011379377641352967, -0.009375680202715175, -0.0024699002787661284, -0.0022574644586747282, -0.002165539845430665, -0.0017973146704809038, -0.0039962270393067495, -0.005012808089108407, -0.0032986040743339623, -0.0013179417022270213, -0.006200803983103107, -0.005662434035132251, -0.003745256142685629, -0.004766149610346201, -0.004156859972886855, -0.0014061297797926954, -0.0012366946029289563, -0.004688093471928553, -0.005217537584663829, -0.004674374140944093, -0.0061732332460614995, -0.0100168073418147, -0.004634280965578219, -0.0022026262198248507, -0.006581533848757862, -0.005870897500852078, -0.00463024687546699, -0.004203393515100767, -0.004710937921998876, -0.0021403832366011, -0.004222406284741575, -0.015129129598075237, -0.01673511082105056, -0.01216935171013224, -0.011034140301022538, -0.009476324675428015, -0.00263313510843756, -0.006347923432165464, -0.007895611745327094, -0.006788622565900128, -0.0014134570425033913, -0.0031750837508183927, -0.013388003369750335, -0.01671917778785459, -0.010375371936852222, -0.013442603596439794, -0.015021379202480497, -0.009512065043396502, -0.015440694910000658, -0.010347463481164495, -0.006933785163165177, -0.0049589742151333336, -0.004288902139759177, -0.004020972478604818, -0.003554153507490521, -0.007670761881062666, -0.010938491272188197, -0.022841182755765077, -0.046365556841994525, -0.04204178692015433, -0.009100858359524271, -0.002064081787293747, -0.004729702985497327, -0.0037430511303743717, -0.002572435605708819, -0.0018803075613078972, -0.006225954563743148, -0.00289874824239415, -0.011060737121939192, -0.046050796745271655, -0.04248033522725255, -0.014822751364826015, -0.005308287806612867, -0.004335846058015708, -0.001673546480957439, -0.002346414411300347, -0.004205153276549436, -0.00548629000120441, -0.00781442051395553, -0.01366982567181332, -0.021734901481659928, -0.011395537075216977, -0.010022661967981183, -0.008031641647153974, -0.005453974219932361, -0.001251533009393983, -0.0013754803915227627, -0.0037765436761402317, -0.011811492426108945, -0.03930940408261313, -0.08465229890413943, -0.0311325517122266, -0.012035051300685481, -0.01631784740765483, -0.022084623371661925, -0.031790711425788876, -0.027511632003427374, -0.012161034377156628, -0.004926965777702589, -0.012421613153758119, -0.09354064950130686, -0.08673848549213922, -0.03625546295572599, -0.011208868370229389, -0.012651625183541189, -0.007037542363716904, -0.004964105591004813, -0.027440610102870924, -0.017315743958115627, -0.01723677854241335, -0.08906254654122278, -0.09660142261526236, -0.010891283394780552, -0.012634075031471667, -0.011527384064589207, -0.014317149804015498, -0.0036866275877156665, -0.009066092778607305, -0.01854094623929695, -0.01010884151363399, -0.04700002702039709, -0.05306064268928537, -0.03875272861764019, -0.014607310439175455, -0.005223292514808018, -0.005404300322564095, -0.011393605336101443, -0.018473713078823315, -0.01800914628472815, -0.008216454883585602, -0.006218778468954548, -0.018099932736894277, -0.04173841641503935, -0.009798522143825648, -0.016277189701069037, -0.011633416280551197, -0.0068125317190195715, -0.003954814702186882, -0.034236977107233085, -0.0371387139942067, -0.03521139697122555, -0.01667440119887563, -0.08026615260839529, -0.017267210006928074, -0.010821880308926994, -0.014130271662146717, -0.010747556918507387, -0.012806193397775716, -0.028601838294035113, -0.02933426910156918, -0.007167863529905312, -0.029346563656649297, -0.06574315128109745, -0.12325659146845112, -0.10077838920587759, -0.0342594843471247, -0.02775122604217016, -0.013250862961654886, -0.020554990447195096, -0.047192239217218344, -0.01776918172885285, -0.0065879706918424655, -0.00929690672001288, -0.06513523269010363, -0.12834815302862887, -0.07723023765534609, -0.08270400725040038, -0.12393408587358787, -0.033960166917057194, -0.1233807630816013, -0.08337167282434249, -0.019223429137369276, -0.012136202732733326, -0.02264534514028252, -0.02737140667531907, -0.012538167611849517, -0.026307291244391077, -0.036606416845013576, -0.19805118949546535, -0.3186207677369076, -0.24971646497415617, -0.03049938767588924, -0.010333400560394211, -0.009869797469737497, -0.01456568434749943, -0.006957320089892644, -0.00981842747533718, -0.012596959630456754, -0.014902873980787129, -0.039914166527843645, -0.31088067871183744, -0.24288533097323955, -0.11947370102020777, -0.01799516388741131, -0.01926541240890535, -0.009752848646305106, -0.005156072872463968, -0.010345019505885816, -0.01547457725574858, -0.021742777404085128, -0.11546901166207325, -0.1891667117104236, -0.03711320785683146, -0.08632702806273772, -0.05492769699869256, -0.03888728505879177, -0.0040808290552766715, -0.007454834620900685, -0.012691541725061947, -0.0018150283952250946, -0.007500008134429444, -0.010885167756047621, -0.006581362117579315, -0.001971709490501636, -0.0038884261144415773, -0.004570987793395523, -0.003991659860441803, -0.00360347817627524, -0.0021135478309974158, -0.0011799304677589232, -0.002627689792905397, -0.010622606984062411, -0.01150873671640483, -0.005185432365921732, -0.002801990435423295, -0.0024005726870906722, -0.0011120472464982208, -0.0010597350157944426, -0.003530477614028075, -0.002973828988949559, -0.002390531971492132, -0.011429757452584573, -0.011798054192659425, -0.0024847529623764847, -0.0018155684014706987, -0.0020219721694754757, -0.002133403981448317, -0.0008531711949235612, -0.0013190796596728844, -0.0025275672849748203, -0.0024864190850945986, -0.005851904554075135, -0.008529022170376037, -0.0066191387272100215, -0.002125835693198889, -0.0011737438878212081, -0.001120428233384133, -0.0015972790698395214, -0.002834972231702115, -0.003435225614383815, -0.002132980130304562, -0.0010731358647569638, -0.004289085753138217, -0.00555918892523216, -0.002338689049553764, -0.002761262022149756, -0.0021760114088105065, -0.0010495233694703733, -0.0009577436487172665, -0.004523240282340329, -0.004526368164991652, -0.00398698861741844, -0.004291216933626029, -0.009175265678812277, -0.0036077536946663474, -0.0017482195906965402, -0.0032966728130023196, -0.002703455746280267, -0.0024594971545492277, -0.003922482714435281, -0.003583916679113676, -0.0015345190065040905, -0.004010434132440321, -0.011306605847249832, -0.01535695227054176, -0.0112084970217095, -0.007220540022452784, -0.005932706789820086, -0.0021205335515034006, -0.004359523710170698, -0.006157308072917574, -0.004143696938044324, -0.0010950539484461596, -0.002099957848423191, -0.010034025559632866, -0.016135374301411112, -0.010167894250129149, -0.010732730151537393, -0.014966681940540386, -0.007444180747964395, -0.015362885136176393, -0.009537069738402812, -0.00426044648783463, -0.002714488927659871, -0.003102639875206578, -0.0037436202432186145, -0.0028630383614838646, -0.004775185521216493, -0.007651165639958686, -0.022829733226388312, -0.040998573441156115, -0.034378446429838935, -0.006748458036780524, -0.001678219253460159, -0.002506320602553655, -0.0023370317214408613, -0.001477244334457885, -0.0015105309779025683, -0.003165317566633791, -0.0024020209258868927, -0.00870692410115872, -0.04035693920364164, -0.034540036483967224, -0.014760812018295792, -0.003863858038465671, -0.002837208668696717, -0.0014104802607219874, -0.0011413214927489207, -0.0021580670110206003, -0.003052853024296815, -0.005102149766626034, -0.013842138891830412, -0.021663918029545412, -0.00854813784773081, -0.009506609648472386, -0.006705108192262429, -0.00527164413874434, -0.0009857347232164221, -0.0011148722316423677, -0.002238449162729502, -0.0004681587229109967, -0.0026665092278946117, -0.003006399683863809, -0.0023457603063382565, -0.0005629919495957444, -0.0014112084881239277, -0.0016081336497026878, -0.001136987642617431, -0.0007860093054791235, -0.0007480508893878649, -0.0004432679681303811, -0.0008426625093195225, -0.002593495007989126, -0.0023444227277034497, -0.0015628276279763666, -0.0011394884069485123, -0.0008706875324318381, -0.00028707455973557734, -0.0003706628073006701, -0.0009440459533880936, -0.0009477103526681717, -0.00046464697597431307, -0.002781178872679745, -0.0026840760035406162, -0.0007131170043870208, -0.0004035933159340248, -0.0007387154837342985, -0.0006395889547122313, -0.0003176700845266926, -0.00028155379509975283, -0.0007662504379548652, -0.0009745327902648408, -0.0016441540609497204, -0.0024488035688519086, -0.002275175344365418, -0.0005108608544726098, -0.0004647999180734326, -0.00045699434348107904, -0.00037045277318488543, -0.0009283992010620653, -0.0010956297729228196, -0.0008170215434088305, -0.0003275340027451192, -0.0016159001748378159, -0.0010040067871798944, -0.0008884244871838292, -0.000984448520470871, -0.0008657562317310024, -0.0003109434280580792, -0.0002728043485955758, -0.001011703126290233, -0.0012739507640611393, -0.0010705898410560029, -0.001585179293502155, -0.002312156279300085, -0.001194412109720576, -0.0005094775542496599, -0.001359853549096904, -0.001200119499148069, -0.000946175572118763, -0.0008273314745151068, -0.001026166649224021, -0.0005303211124026789, -0.0007682289060435548, -0.0033472997427525146, -0.00411896850628378, -0.002660040504527616, -0.0027333372001931318, -0.0020960476447125552, -0.0005956930507927923, -0.0015311614390303987, -0.0017951821504975265, -0.001602398386702281, -0.0003242402523145744, -0.0007879753163067961, -0.0032784192706571983, -0.0038381612051022994, -0.0019782570469742762, -0.003037639634078838, -0.0028542310982897457, -0.002358830932471187, -0.002982948593138706, -0.0020419394913397185, -0.0015293523665504366, -0.0010480798035660487, -0.0008655707535653533, -0.0007969371769045748, -0.0008287627247305848, -0.0016425479387702166, -0.0027762656041114314, -0.004634287934019599, -0.011189548694452487, -0.010351618882631732, -0.0023005082890934, -0.0004794173392923799, -0.001046748657387295, -0.000813065398799403, -0.0005623625391698656, -0.0003968123410450737, -0.0013264630538901874, -0.0006794508345451204, -0.0028136082930114146, -0.011179952494090085, -0.010184570226888285, -0.0028035040105424563, -0.0013158676634255325, -0.0009043695263577286, -0.00033936568626750165, -0.00047926747614239094, -0.0008718658313428364, -0.0011505759493077052, -0.0018320146023638947, -0.002558835295614073, -0.004470871324321324, -0.0029065612195087994, -0.0020314264848121273, -0.001877709697551037, -0.001088955642007783, -0.000275740497063294, -0.00029449025797697605, -0.0007929041150630834, -0.0007519416315239568, -0.002153324023411283, -0.003963235983472245, -0.0016285620816116997, -0.0006881068114686373, -0.000990582803738392, -0.0013399613727764989, -0.001719089688902068, -0.0015883244947555613, -0.0008525688111171333, -0.0004218531103607966, -0.0006944485635919104, -0.004420627329907596, -0.004165908324046553, -0.0018869251938419904, -0.000929043140572405, -0.001036133460369965, -0.00046012996126306875, -0.00031862683158599757, -0.0016978535232073395, -0.0010824387643112248, -0.0008998891533643625, -0.004842750820503954, -0.004917674993919575, -0.0006064004110899029, -0.0007592397116740362, -0.0009880718371176511, -0.0011893684712836806, -0.00028670828109634747, -0.0005302592403099491, -0.0011728569440798053, -0.0006875352882967842, -0.002580176767723757, -0.002843728335639924, -0.002307708649758583, -0.0010092663757475784, -0.0005655057910312752, -0.0005407829797244112, -0.0008181496627821998, -0.0012034976482226062, -0.0011618707092898755, -0.0005612823641791293, -0.0003856913391076771, -0.0010908981792238362, -0.0020016177541410988, -0.0007394849967298481, -0.001930594409491734, -0.0017829535534469526, -0.0007470007725224058, -0.00028134964954966104, -0.0019932417591619466, -0.0021847207459233277, -0.0019270732889526906, -0.001026657758239567, -0.004242699574625067, -0.0009817536336559581, -0.0007672031781172904, -0.0016802222004250833, -0.001599763398482218, -0.0011740980932990856, -0.0017052628999669117, -0.0016937503285904155, -0.0004521517392768989, -0.0014878926931334874, -0.0037536314819533833, -0.006910651377888116, -0.004788529035834738, -0.002039601894360789, -0.0017714328019664102, -0.0008975279888302095, -0.0012611322684907274, -0.0026375452435678784, -0.0012901129371657412, -0.00048634995676074064, -0.0006278366007150118, -0.003834528096960933, -0.006776717323581342, -0.0037664678292763185, -0.004042695458988734, -0.005674063642272694, -0.0018517886452452913, -0.005989175342119997, -0.004051450029221563, -0.0012892917652973452, -0.0011107366210120484, -0.0016700335122869145, -0.001595738187537371, -0.0007158453633623293, -0.00164849022156036, -0.0020011900696120326, -0.009070524693684415, -0.016720833803206214, -0.013682210507165768, -0.0017164749914771707, -0.0006563082244619692, -0.0010229104534132125, -0.0013364447776714721, -0.0005938665855276281, -0.0007211706654776352, -0.0014069624349677943, -0.0009035713556756802, -0.002133729767928275, -0.01649174744480783, -0.013149697021829623, -0.005563774929348107, -0.000990876382488838, -0.0012054582054813589, -0.0007345121080790617, -0.0005807674407097291, -0.0012991975881046745, -0.001554271821990877, -0.0013068789320402519, -0.005069562144303463, -0.008770296876265647, -0.002030068458269211, -0.0039588402699596075, -0.0027369021786219833, -0.0020490800430566104, -0.00026793409632722706, -0.0006609963317609448, -0.001485645353243094, -0.000438553873968857, -0.0020210723927252517, -0.0017203134653656876, -0.001316541937947489, -0.00034205133614839775, -0.0013734521461545388, -0.0014525226360327325, -0.000847326611117735, -0.00046966448096508244, -0.0010100912739420265, -0.0008340184807229653, -0.0004442198203484984, -0.0011843204567824118, -0.0010557005147028586, -0.0014804183595353562, -0.0018932188134336333, -0.00147585053435247, -0.0002617660273103331, -0.0002997958598100634, -0.0006384545483078228, -0.0010604439106856659, -0.0003281995484291547, -0.0012047519163159658, -0.0010843496740696327, -0.00040369950471447435, -0.00043977682850043835, -0.001604021229380258, -0.0010167086315653769, -0.000409264656515493, -0.00021896624955250292, -0.0006555829656437265, -0.0008711075819135487, -0.0009734988126510665, -0.0018123621126364473, -0.0018199586561047768, -0.000595530841466114, -0.0015720585277632939, -0.0014603251028184878, -0.00041499204857166995, -0.0008796162846751964, -0.0010397538673678273, -0.0007137683714919874, -0.0001925426822714093, -0.0010445899490923417, -0.0005932763576497835, -0.0012939214905099711, -0.0029477817839093884, -0.0031933868747318762, -0.0006768009058440286, -0.0002943023705712468, -0.000577678958245361, -0.0007201608165663726, -0.000636546752239159, -0.0009916750586912051, -0.0010677897259143963, -0.0006366227133671912, -0.0005874364042730287, -0.004600315336433447, -0.005109054074278982, -0.0030932166840167722, -0.0008270676323841697, -0.001112084991061084, -0.00043935920638446893, -0.0004577260052329727, -0.002206250030744908, -0.0016233780713316645, -0.001462259710071089, -0.002874483233527155, -0.0033646773644186384, -0.0007155275698112723, -0.0017462886719727853, -0.0017738367821067335, -0.002268376376506822, -0.00037395135402643477, -0.0007244351483948927, -0.0020307232904966757, -0.0014908415314248467, -0.0011968375472396107, -0.002335992530573182, -0.001566573374550387, -0.0011257099771293199, -0.001357734217893734, -0.001380213425037705, -0.0024351623528472035, -0.002542740079297787, -0.0014273535797301317, -0.0005995939140580706, -0.0004901054060532136, -0.0027375498634465115, -0.0021874891199528865, -0.0018564440623913005, -0.00421553343364793, -0.004427839229888385, -0.0011589307418386186, -0.0004285164378147317, -0.0026132677034950516, -0.00177046319695812, -0.0013656916111885933, -0.0005698638875343024, -0.0037731599226416617, -0.0005500931328380238, -0.0011891469513723373, -0.004218569259767284, -0.004472041336047069, -0.001178677331930166, -0.0009319609136971567, -0.0015185690490177428, -0.0005039380426209031, -0.0017695036193377395, -0.0029363854355424464, -0.002804847751881185, -0.001948661656127325, -0.0011486441007882225, -0.001679220864249866, -0.0013320806917890725, -0.0009877175061345955, -0.0011409164756467506, -0.0006527341783985708, -0.0002474423329093503, -0.0004709155124330275, -0.0021048077644507004, -0.00031955461166672454, -0.0005837491882531162, -0.0005774183417056899, -0.00034890874720411194, -0.00018213974490519455, -0.00039853496177912116, -0.00042742829989693795, -0.00034400110167751014, -0.0003141054324073196, -0.00035961083989681985, -0.0003142306372976404, -0.00014756926050903203, -0.0005046972695108158, -0.000542758691079407, -0.0004960636953920959, -0.0007151877413214562, -0.0006266869049595241, -0.00016361490670464954, -0.00010068576713441798, -0.00032937985562022076, -0.0003442835465275951, -0.00017674370836473187, -0.0005333283840667478, -0.0005317962055673731, -0.00015973808938467835, -0.0003599586180187888, -0.0007546643622570946, -0.000650340679614581, -0.00014660988712401478, -0.00011033168864075923, -0.00024148249948106152, -0.0002426106353453248, -0.00032712762458184184, -0.0004937240628968226, -0.0005622970114383529, -0.0005349812015809852, -0.000635003805082719, -0.0005760465382276029, -0.0003819277902704241, -0.0003217647304186035, -0.00029882945826978813, -0.00018834308523265632, -8.090806184965875e-5, -0.0002624485765805063, -0.00027195073264553107, -0.00048233698990685336, -0.0019790820175953003, -0.0020118556396052046, -0.0007549068255936207, -0.00016247457251528314, -0.0003855768966045697, -0.00033650017425454444, -0.00024263959818023663, -0.00023065971314991982, -0.0003796841947756804, -0.00021580827948988887, -0.0004771524501553278, -0.002242431990855875, -0.002506997924310115, -0.0013051767683689955, -0.0007502088731742249, -0.0005510553131842036, -0.0001525796788722571, -0.00017720566126118982, -0.0005169913181984741, -0.0006407581986979133, -0.0007137903730364105, -0.000985125631178933, -0.0012205984122675582, -0.0005895481652615723, -0.0006088415618974795, -0.00088572086302886, -0.0008393608688416172, -0.0002797929542448569, -0.0002424540704380933, -0.0005916886250518436, -0.0006703142671746666, -0.0008502002276356184, -0.00101193696989292, -0.000938959364277428, -0.0003418747517615317, -0.0006176619962926294, -0.000780871479517967, -0.000867854094603265, -0.0010759267079826441, -0.0009404117527329157, -0.0004341188363178319, -0.00019846526283160567, -0.0010168881513567722, -0.0006909469114057893, -0.0007557491444786309, -0.0012828415325083008, -0.0012348827919324134, -0.00031532539289015333, -0.0002987907679007312, -0.0011155692908652226, -0.0009903298740293644, -0.0005255225837573049, -0.000515494628206659, -0.0017058692416746031, -0.00038255489166499586, -0.00031961252063587864, -0.0012394069207827326, -0.0011393439101340587, -0.0003856620910129266, -0.000277918074572529, -0.0006248550044139063, -0.0004953815646333954, -0.0007059380531709114, -0.0015219798613289983, -0.0014329698669536314, -0.000616556585847025, -0.0004810750029776497, -0.0005460024239284959, -0.0003103914152502803, -0.0003938638266497499, -0.0004551230108828769, -0.000438699764151493, -0.00012532208252181276, -0.0004826165333813439, -0.0013566444845224297, -0.0008166386748753717, -0.0017464068568090567, -0.001333755286075005, -0.000977444530800398, -0.0004826151515125302, -0.001318419668772258, -0.0012183269333905262, -0.0008080209006970297, -0.0006748630915924929, -0.0010811282882517267, -0.0013079551379884835, -0.00035266170962826375, -0.0010585816266249647, -0.0010738342653064694, -0.0014074963479000302, -0.002611350163574873, -0.0018291896987494487, -0.00040115054864374683, -0.000285305196137102, -0.0007330849921259673, -0.0008848433916276979, -0.00041474006268350273, -0.0009679428951504837, -0.0010223906206280639, -0.0004041500425580837, -0.0009542458719379965, -0.0024081322752405408, -0.00176383633612734, -0.0005116036064927595, -0.00024438380775799486, -0.0005400820473752089, -0.00067505824988761, -0.0006462611988907347, -0.0010742093933562497, -0.001500366580976516, -0.001336371767545284, -0.00300493439443066, -0.0023350609164341763, -0.0009506366785819989, -0.0007675481384827662, -0.0006960775532435272, -0.0004820577280474778, -0.00018435431925366275, -0.0005993685236636509, -0.0006122542842835887, -0.0019155392060598013, -0.0056489673410695255, -0.006696456016499429, -0.0020224847388767026, -0.00048218642586769246, -0.0008038591885962293, -0.0006932687824337795, -0.0004569407632137879, -0.0004321798728037898, -0.000627681057572215, -0.0005592403475991756, -0.001362479078244465, -0.007658348163358432, -0.008980253870756596, -0.0048387580544871685, -0.00181109647360905, -0.0015372946210184084, -0.0004918996889790537, -0.0003608750005496755, -0.0008965337634752578, -0.0010168985607754044, -0.001732999899222443, -0.003805927359061795, -0.005031681724909101, -0.0017200116616422913, -0.0027370055572101142, -0.002588138291542745, -0.0031089355640285545, -0.0007834656426621224, -0.0007620006665647896, -0.0011112612505134113, -0.0011688676071590657, -0.0019182621967642963, -0.00287193603361364, -0.002176605154605837, -0.0007436715978677599, -0.0012430710214539607, -0.0018416332335591322, -0.0033080919263790355, -0.003669173136755, -0.0025041461196504988, -0.0010138064752597336, -0.0005106304892408608, -0.003622115145063342, -0.0026574437799599866, -0.0014476834367053361, -0.0017401805385066167, -0.0016714813997637883, -0.0006388773739747992, -0.0008608781196407867, -0.004233472927678599, -0.0032201712717504242, -0.0023932544742101113, -0.001400826516620659, -0.006188065777779531, -0.0010982106330357524, -0.0005848821885980148, -0.0015859222284126074, -0.0014758030998605616, -0.000652269353048691, -0.0009647416829111869, -0.001974453670909045, -0.0012782680612673323, -0.0030007537230421055, -0.005065760008414605, -0.004332829238108467, -0.0023399846457790273, -0.000988934755493929, -0.0008348725454985769, -0.00048154248865886685, -0.0007705902779228366, -0.0010644624764550347, -0.0009483065472619905, -0.0003558814707065372, -0.0012452105987108008, -0.003943032321659752, -0.0037258343117007615, -0.01403508138064187, -0.008902874781315549, -0.006908190582813917, -0.0019906295279365437, -0.010057767882497794, -0.009295026318855863, -0.004716725259933633, -0.00252364137600826, -0.008935950147670641, -0.009595699748678278, -0.002106515715692599, -0.0051088685896137345, -0.004316300397672279, -0.011757107313246801, -0.019250687957675306, -0.014174846864767974, -0.001839092164608863, -0.001808148331194853, -0.0032228831295016505, -0.006870809219427879, -0.0018512240741263637, -0.0036041446791062427, -0.003850497694672529, -0.0023753524731657647, -0.004388661021805273, -0.01922415069207622, -0.009811528364357613, -0.0034746398361696716, -0.0010617347557639939, -0.003339868794172631, -0.004786704256506727, -0.0038010018967901287, -0.007568864309696239, -0.011481992374343917, -0.005799163377786608, -0.024083406641018764, -0.02119561618231913, -0.0038250510942072565, -0.00505379998987997, -0.004870611446730237, -0.003368108152989708, -0.0007203809251874147, -0.004090536364732485, -0.0027695271296080803, -0.014056051758510909, -0.03644500982240875, -0.044204266123457396, -0.008505056685307454, -0.0028549526705739705, -0.003031921429144943, -0.003249271906475393, -0.002289412443351878, -0.0028395300984998878, -0.002805420940314179, -0.00348983584335317, -0.0062389334345696245, -0.06231114433530757, -0.06911706366304819, -0.04293255668375129, -0.008174599809090117, -0.010103480930471486, -0.0032903992819069967, -0.0015536354213341584, -0.005484566664975238, -0.003801611945126124, -0.009393678399901288, -0.030396736684701605, -0.04265833594566808, -0.00782779447880889, -0.020646872813376394, -0.018151613504769674, -0.024017377114447663, -0.003613733308246745, -0.005203991833417444, -0.006583474076467518, -0.004180358423610735, -0.00853509274295167, -0.020640651827300526, -0.010446488586966653, -0.004481281328685529, -0.004944912144262848, -0.00950248182104485, -0.02739291643419546, -0.031151812867866252, -0.014688156364219895, -0.004127315105727691, -0.0030178961525514133, -0.032470430186661584, -0.01991606638640755, -0.00611666963174208, -0.006479578307292199, -0.007137513515232695, -0.003933753191298978, -0.003760927460284954, -0.03159221574918561, -0.022481107410093185, -0.01954455910632835, -0.006413380965803173, -0.04716552095521684, -0.004780804346773082, -0.0034258317696606424, -0.005800776138827206, -0.006405182012527217, -0.0025420488154142993, -0.0069172005376841855, -0.016633360746435524, -0.005701991564919273, -0.026177323810062735, -0.03865140650121325, -0.03272516924897641, -0.018270157495039713, -0.0045166555659689, -0.003189682595882838, -0.0028709963607420545, -0.003695201238966887, -0.006635850562812567, -0.003912562400488307, -0.002088650826648036, -0.005088873101557957, -0.02471543608365464, -0.0013614590866021258, -0.0026796086576591108, -0.003072989585680173, -0.0015750481392648725, -0.0008337744350703507, -0.0016712927352493302, -0.0018604010431103042, -0.0017319086282832526, -0.0015851148739439624, -0.0015720161054962284, -0.0014787995338937758, -0.0006628064685933156, -0.0030676931216905056, -0.0030848841318690174, -0.002320222284023182, -0.002966966468512941, -0.002558694916911439, -0.0007112859139913436, -0.0004368064220105277, -0.0016693580644610735, -0.0014346159564661096, -0.0008746029436844987, -0.0031607545708786577, -0.003272485471803204, -0.0006996707615892583, -0.0015015667577948494, -0.0030728245608592844, -0.002822563121882742, -0.0006526021798748402, -0.000535957287268046, -0.0011486272231918384, -0.000935435681410799, -0.001780503421336404, -0.002374932263733828, -0.002626299054317305, -0.002209339982738266, -0.003148215580105892, -0.0025431971325609354, -0.0016407043803033537, -0.0014595793955679691, -0.0012881452368265947, -0.0007043485970986101, -0.00036607389789696106, -0.0010183631352199745, -0.0015337924885763122, -0.002208049421464648, -0.007899675556799695, -0.008731631806404662, -0.0029303653421749016, -0.0006626456806994492, -0.0019482366686368175, -0.001776773580007481, -0.0013149338269859267, -0.0008423486797206334, -0.0023377597928307143, -0.0009817406552282257, -0.0019762934953652675, -0.008842929580341115, -0.009931915528624224, -0.005400962237071609, -0.0031193662186199127, -0.002622704223580353, -0.0006953453850729405, -0.0010449138195644187, -0.002555823178074037, -0.003909256158431847, -0.004060816584232296, -0.004528235637437898, -0.0055373690450564676, -0.0023988304558943438, -0.0030843075559540464, -0.004137324750173963, -0.003668292870177306, -0.001154819927834362, -0.0010368548561653177, -0.0028632077736636167, -0.0041810489882418925, -0.0040504349337544395, -0.004912653301844315, -0.004947719878638142, -0.0015238007703109206, -0.003845156975418619, -0.003919517276210668, -0.00371955619104881, -0.0042866449652978755, -0.003933236774480429, -0.0019949843009981305, -0.0008583788045175284, -0.004353818635530677, -0.0033118762477037937, -0.005227619224284229, -0.00851706456021332, -0.00726555372350324, -0.001342228560699162, -0.0012725660502512066, -0.0046597532041962805, -0.004329261060183557, -0.002528015990631759, -0.002032651197549147, -0.006902455176726441, -0.001655941618730681, -0.0014516798188778234, -0.008143394054309128, -0.0068016775815592356, -0.0028800515954263443, -0.0013266259538089564, -0.0026771055567826087, -0.0019593715053114365, -0.0031778324737458926, -0.006155318428149743, -0.005681900671601141, -0.0027719846221025417, -0.0031043858027250447, -0.0042057174015899665, -0.0012915318412216063, -0.0024232792771947927, -0.002357131044199489, -0.002121815773855863, -0.0005148495822136193, -0.0019402444964877804, -0.005582185260506368, -0.000684090038901264, -0.0028330127329906874, -0.0030521864103079774, -0.002324259987154085, -0.000654181457173366, -0.0015932918066731434, -0.0017800333120216426, -0.0012830464630722114, -0.0009312825690594649, -0.0009640193227857455, -0.0006553876749086729, -0.0008458503795916374, -0.0026270381152690542, -0.002403243549956228, -0.001745127692635422, -0.0016507013890025145, -0.0013278885233111016, -0.00039352793467948, -0.00041329052892240064, -0.0010905260050138757, -0.001110628160902014, -0.0005242900341508507, -0.0028042819304205787, -0.002713417220262, -0.0007376549189109922, -0.0006429180404111881, -0.0013082111524557376, -0.0011175996143084157, -0.00041088138371119247, -0.0003273780227281685, -0.0008752066755626806, -0.0010797341867632264, -0.0016849700605607847, -0.0024804846607894555, -0.0024759316268948067, -0.0009038872389785112, -0.0009155876154530653, -0.0008821815985891037, -0.0006434876796821401, -0.001093110137082606, -0.001195344358875221, -0.0008901641014244747, -0.0003609181767525077, -0.0016408517741762628, -0.0010128641089516511, -0.00119684700253286, -0.0025848958108663496, -0.0024471650222480947, -0.000904603116136301, -0.0003702224673025682, -0.0011869439838563857, -0.0013979445343387067, -0.0011298234125216645, -0.0015816890044861032, -0.0022686130694875846, -0.001199086316344428, -0.0008527580723039635, -0.0031395126759378006, -0.00318947784506375, -0.0018934733475445336, -0.0013312231847857786, -0.0013417640276085897, -0.000588103586117308, -0.0007614438826708932, -0.003280167610993664, -0.004086442096352413, -0.002813338538943354, -0.003209344051076095, -0.002820673052718195, -0.0010114670183277348, -0.001801208914408315, -0.0022926019307395653, -0.0021230475551464404, -0.0005261439963426436, -0.0009181195173399618, -0.0033956085013870313, -0.003823749694961914, -0.0023409550038477967, -0.003432374461795241, -0.003066429432143422, -0.002310787464064163, -0.002935625456449085, -0.0023164002453573665, -0.0020635573840779332, -0.001855505905866652, -0.001545057116081791, -0.0010368144156832361, -0.0008670909268962069, -0.002263147916801031, -0.002973468951933713, -0.004405827879935554, -0.010875745241398286, -0.010248323923051729, -0.0022903920605598063, -0.0006744969264728508, -0.0018780707208223453, -0.0015445508175993602, -0.0009151418786183863, -0.0007758728023742237, -0.002651896056316092, -0.0009198101968727408, -0.002675061407564369, -0.010831568673546909, -0.009941977531563602, -0.002580726177651633, -0.0013598326284484988, -0.001290249711386859, -0.0007073271360749668, -0.001002985099371077, -0.0020806890887943696, -0.0022741678010010334, -0.0021284792616434087, -0.0024234132395882964, -0.004103096716472842, -0.002785841983365577, -0.0019995926629615343, -0.002019100285258711, -0.0012861264193436155, -0.0003408966635452098, -0.0006697933001993467, -0.0018751882040910029]"
