L,J,Q,θ,ϕx,ϕy,ϕz,ndims,T,χswave,χdwave,dχswave,dχdwave,Δswave,Δdwave
11,1.75,0.6180339887498949,0.4487989505128276,0.0,0.0,0.0,3,0.41753189365604015,0.29079163562265065,0.3093791746637732,-0.12886666618428716,-0.14767367084774535,"[-0.026171549492029118, -0.016952301415408925, -0.031834294784835876, -0.042939185631202, -0.011620842671290424, -0.04298832293354763, -0.04332260308683308, -0.04657936724009048, -0.006539201722705971, -0.01234161929521371, -0.02617155183432894, -0.012341617504407314, -0.021073793650393323, -0.038582090567865095, -0.019559019546921876, -0.007662555514999493, -0.012127435356787486, -0.03189894993897489, -0.04247214870260031, -0.04093098274236921, -0.02107380601048911, -0.0169523086320583, -0.0065391997844422, -0.04093096712101772, -0.042053988599736754, -0.027856632846887792, -0.01873976983651793, -0.0326700940745463, -0.021165235200858095, -0.007177730095301484, -0.042054014290054176, -0.0385821160470136, -0.03183431159071977, -0.046579360504144046, -0.042472137717018896, -0.007177727557436881, -0.012115464487489687, -0.02354532011315203, -0.03140525277083196, -0.010016504813845075, -0.012115466193944347, -0.027856644792831266, -0.01955902882992385, -0.04293920733992407, -0.043322604882286064, -0.03189894287624917, -0.02116523070078748, -0.010016502078473008, -0.022647996643277758, -0.023749931036047733, -0.0226480028618219, -0.02354532291036447, -0.018739770470317135, -0.007662558906791908, -0.011620847152112285, -0.042988332418546486, -0.012127436569936782, -0.03267009144018827, -0.03140525132337755, -0.023749928331126387, -0.004010427101157013, -0.023749926574961115, -0.03140525108722816, -0.03267009096370443, -0.012127438641674364, -0.04298833092308566, -0.011620849204727378, -0.007662553462931994, -0.018739765503221876, -0.02354531719975694, -0.022647995197444492, -0.02374992722800901, -0.0226479912038988, -0.010016500284550915, -0.02116523236718994, -0.03189894356873635, -0.043322606843531314, -0.04293920483161248, -0.019559025263118306, -0.02785663552192081, -0.012115466482869222, -0.010016498306320702, -0.03140523899763741, -0.0235453105075302, -0.012115462604483795, -0.007177727107185962, -0.042472144118015615, -0.04657936122859822, -0.03183430737954554, -0.038582107435287546, -0.04205398922275947, -0.007177725814028282, -0.021165218822260995, -0.032670070537048, -0.018739760019238126, -0.027856637319307005, -0.0420540014960736, -0.04093097341290996, -0.006539201553708124, -0.01695230678112319, -0.02107379864648215, -0.04093095806666743, -0.04247211982888156, -0.03189892585676573, -0.012127432534232941, -0.007662554213390098, -0.01955902719148889, -0.03858211196605309, -0.02107380478728281, -0.012341620461722751, -0.02617155188960186, -0.012341617104367006, -0.006539195873238007, -0.0465793344365512, -0.043322587483051934, -0.04298831649019734, -0.011620847579334381, -0.042939214115067625, -0.031834315274054094, -0.01695230866260695, -0.026171551954069453, -0.02703499761182269, -0.04385764073310815, -0.009741668556239941, -0.018928465947386102, -0.03576995164557569, -0.013084707245062204, -0.02121653070767892, -0.014225850252594277, -0.013887783800663857, -0.0056787772489083985, -0.027035004378155612, -0.005678773155519086, -0.043606674217265114, -0.0275843525955766, -0.0516548817109178, -0.004870926514138648, -0.0396407718296999, -0.025828005613488865, -0.01678304961124087, -0.01217919882028354, -0.04360670016021657, -0.04385766685184782, -0.01388778071232079, -0.012179194565358143, -0.014473357873771622, -0.02921253000972497, -0.04102692575727429, -0.017418846935531737, -0.0069515462954075746, -0.018535397768665675, -0.01447336436080268, -0.027584363826166164, -0.009741673166601121, -0.014225847403252749, -0.01678304795221984, -0.018535392489144042, -0.005140279112315358, -0.03036088021173598, -0.01878548112551267, -0.03571738617472396, -0.005140280727906318, -0.02921253462336456, -0.051654894823879825, -0.018928472717328993, -0.021216529165429335, -0.02582799986836713, -0.006951544822094862, -0.03571738276549654, -0.02376288723295736, -0.007744750762228854, -0.023762888185676487, -0.030360882741510956, -0.04102692612509612, -0.004870927887310352, -0.035769959563281724, -0.013084710412355661, -0.039640765410970766, -0.01741884507037303, -0.018785480239744475, -0.00774474962201586, -0.007803200081845359, -0.0077447492613628745, -0.01878547950188965, -0.017418845583861257, -0.039640760690535785, -0.01308470952559973, -0.03576996007122058, -0.004870927667492868, -0.04102691696893199, -0.030360873793644088, -0.023762878292264464, -0.007744748717033155, -0.023762877074790564, -0.03571736966654561, -0.006951539436655581, -0.025827998299447447, -0.021216528272125112, -0.01892847024306304, -0.051654888910155496, -0.029212530582349554, -0.00514027935730652, -0.03571736577406427, -0.018785470949918222, -0.030360863606848365, -0.0051402777248834, -0.01853539428550399, -0.016783048831945428, -0.014225849057166562, -0.009741671120737755, -0.027584358351440543, -0.0144733573345744, -0.01853538931409733, -0.006951540223305101, -0.01741883902519703, -0.04102690674204062, -0.02921253011368397, -0.01447335711835712, -0.012179196069220596, -0.013887782044582459, -0.04385765669749052, -0.04360668761555178, -0.012179193773098914, -0.0167830439438425, -0.025827994677072558, -0.039640758777078344, -0.004870926378926528, -0.05165490070698138, -0.027584364968445622, -0.043606697784695815, -0.00567877581682237, -0.027035001407140123, -0.0056787747964599415, -0.013887778074448232, -0.014225841509838074, -0.021216523238248963, -0.013084706145192252, -0.0357699573815412, -0.01892847319197196, -0.009741673481208562, -0.04385766509785681, -0.027035003530921843, -0.020233924215303314, -0.013055384930661905, -0.04497284478982212, -0.03182379873466014, -0.007504118158600398, -0.043451403370625016, -0.02976831984681508, -0.04222653049688304, -0.005296867500707393, -0.019436144012525743, -0.02023392815533818, -0.019436144414137716, -0.014809701458952043, -0.027996241504061378, -0.01260471578359786, -0.009640030810437527, -0.008225025396762295, -0.020063342859054974, -0.031381524396854876, -0.04478876253699881, -0.014809702681800445, -0.013055390311730997, -0.005296868305414756, -0.0447887514372902, -0.042409748435066535, -0.018985331726563696, -0.012799305031156354, -0.026597346549101644, -0.030088704232887457, -0.005430481225188438, -0.042409760353450024, -0.027996251741534795, -0.0449728670899948, -0.04222652314098684, -0.03138151790511064, -0.005430474271916956, -0.01838012715965363, -0.017066522315333385, -0.027184653342301697, -0.007817296239468785, -0.018380128824508218, -0.01898533494876581, -0.012604717072109422, -0.031823813581520845, -0.029768318392882152, -0.020063336237905436, -0.03008869432157864, -0.007817296089415978, -0.019081384585886357, -0.040641412292360096, -0.019081381674288505, -0.017066519353818692, -0.012799303175244879, -0.009640030524616702, -0.007504115992347359, -0.04345140478949484, -0.008225025138978147, -0.026597344800694988, -0.027184654971230942, -0.040641411951745615, -0.004563164876056171, -0.040641407331776486, -0.027184649420097115, -0.026597341014677717, -0.008225024010618988, -0.04345140286867073, -0.00750411539173325, -0.009640027465559314, -0.012799304073723334, -0.017066521184797026, -0.019081379623861604, -0.04064139514119007, -0.019081378558663296, -0.007817293648114716, -0.03008869114667155, -0.02006333454998226, -0.02976831071037783, -0.031823806282737066, -0.012604713816463166, -0.0189853296311465, -0.018380121284195475, -0.007817293195172211, -0.027184641876170885, -0.01706651615002487, -0.018380117354628772, -0.005430477203324453, -0.03138151078394008, -0.042226514633461866, -0.044972851669819784, -0.0279962423628406, -0.042409743718165555, -0.005430475304251057, -0.03008868578777952, -0.026597334265619346, -0.012799301106009985, -0.018985332565650253, -0.04240974779777501, -0.04478875271599486, -0.005296865605244047, -0.01305538693239472, -0.014809696942867942, -0.044788744886213455, -0.03138150436106809, -0.020063331508377528, -0.008225023112219731, -0.009640028636234789, -0.012604714919242995, -0.027996246412366713, -0.014809704562814193, -0.019436145441405036, -0.020233924586636726, -0.01943613464446037, -0.005296866386521934, -0.042226504237851674, -0.02976830910053873, -0.04345140035759528, -0.0075041173212621855, -0.03182381355389205, -0.044972862708698255, -0.013055390480074728, -0.02023392710039249, -0.044500385849331484, -0.0338871008664712, -0.019792878209555657, -0.034536213691572795, -0.01458413623601748, -0.02245215292396349, -0.036118769863236436, -0.029448855482810454, -0.007861055500288342, -0.010266527547852808, -0.044500385453442634, -0.010266526005621392, -0.03649862526474808, -0.04656015607257566, -0.03203043747402112, -0.006025841767812605, -0.01738170033055771, -0.034371261509449, -0.03330317237596901, -0.024831886756420046, -0.036498634902974184, -0.03388710748995557, -0.007861055616903144, -0.024831879949725515, -0.03172626546410629, -0.04114248082921854, -0.03432590171852846, -0.03258041463409867, -0.012599309270937149, -0.009807070814377726, -0.03172627383115757, -0.04656016976630288, -0.01979288396867365, -0.029448856348947946, -0.03330316886599757, -0.00980706926914754, -0.009508995348099748, -0.03950165083941036, -0.03774483760225157, -0.01888596840663972, -0.00950899098998184, -0.04114248347259353, -0.03203044742126537, -0.03453623001109159, -0.03611877020506879, -0.034371258445540516, -0.012599309350016817, -0.018885975375270155, -0.03836420226713267, -0.018422457288137357, -0.038364183693373244, -0.03950163297239587, -0.034325893262441835, -0.006025842127187187, -0.014584140227244023, -0.022452150023432885, -0.017381706136039014, -0.03258041629543021, -0.03774484350577818, -0.018422457007460518, -0.005876046653861983, -0.018422452549594535, -0.0377448268779242, -0.03258040507555635, -0.01738169702763678, -0.022452149808509226, -0.014584135598249899, -0.006025841347523497, -0.034325904918208854, -0.03950165170335633, -0.03836419921605422, -0.01842245548097137, -0.03836418799384236, -0.018885968795987227, -0.012599303105694354, -0.03437124132620347, -0.036118756935034683, -0.0345362234284498, -0.03203044452482957, -0.041142482091498456, -0.009508989650251001, -0.01888596975281729, -0.03774482595530365, -0.03950163320350274, -0.009508987086180557, -0.009807067165087894, -0.033303150963294864, -0.029448841160616152, -0.019792879329755764, -0.04656015620613037, -0.03172626215304566, -0.009807066957307254, -0.012599303149678298, -0.03258040186333816, -0.034325894166916567, -0.04114248139931757, -0.03172626665022435, -0.024831879512185236, -0.00786105279112354, -0.0338871017742107, -0.03649862389709386, -0.024831873933948496, -0.03330314995768493, -0.03437124233223129, -0.01738169593703525, -0.006025841758845251, -0.03203044615653228, -0.046560165572818085, -0.03649862985636453, -0.010266524118312989, -0.04450038530073495, -0.010266522084708261, -0.007861053479657414, -0.029448837333223666, -0.03611876090837786, -0.02245214928759179, -0.01458413839509613, -0.0345362280638089, -0.01979288113031186, -0.033887102410365244, -0.04450038441006137, -0.03994584569040384, -0.04746176490721551, -0.012707600272416906, -0.022223796634056093, -0.02107341479507047, -0.013147449952970352, -0.023831573318377552, -0.016878932343630262, -0.010166792569110364, -0.007801512834320176, -0.039945847710691824, -0.007801516306039511, -0.04779379288445772, -0.03596639595618773, -0.04542119089543741, -0.0050212700862025395, -0.026554723979509916, -0.028649764175636746, -0.020852247082214344, -0.015109087386588551, -0.04779380356396039, -0.04746177779666766, -0.010166792740747011, -0.015109085391409543, -0.019107075217087578, -0.037071303453843546, -0.044353744314110086, -0.022848865280088882, -0.008337656269336934, -0.013146061203730327, -0.01910707883171346, -0.035966407098202875, -0.012707607131421739, -0.016878931115739283, -0.02085224696252963, -0.013146061016943444, -0.00677080162882201, -0.03972927480507753, -0.027510962010275725, -0.030009301027183202, -0.006770802391302499, -0.037071307753211824, -0.04542120752645974, -0.022223806775707476, -0.023831573032308293, -0.02864976463432533, -0.008337655295812596, -0.03000931467990062, -0.03462860632898595, -0.01231903583441846, -0.03462858803351781, -0.03972925803226267, -0.04435372800843409, -0.005021272539827349, -0.0210734251312228, -0.013147453192302068, -0.026554727717376377, -0.022848870524938693, -0.027510969394489927, -0.01231903775360783, -0.0074415008351397536, -0.012319031259216094, -0.02751095455485098, -0.02284885651037357, -0.026554715586809174, -0.013147452712405014, -0.0210734216199408, -0.005021273005387591, -0.04435375061379624, -0.039729278789131434, -0.034628605417703365, -0.01231903682818337, -0.03462859364660838, -0.030009299586226716, -0.008337654621614855, -0.028649751971794066, -0.023831567510163514, -0.022223807203541033, -0.04542120724558938, -0.03707130997785541, -0.00677080225347824, -0.03000930460288222, -0.027510956224889842, -0.039729261954320645, -0.0067707993488058124, -0.013146057369660609, -0.020852236562423545, -0.0168789274133924, -0.012707604065217365, -0.03596640199156089, -0.01910707711272365, -0.013146057941921314, -0.00833765275458702, -0.02284885587742312, -0.044353726353667924, -0.037071304789632345, -0.019107078749467293, -0.015109084154104769, -0.010166789817946947, -0.04746176371424139, -0.0477937906793835, -0.015109082375259748, -0.020852231404645725, -0.02864974717400692, -0.026554707326672214, -0.0050212705201126305, -0.04542120000801859, -0.03596640119077751, -0.04779379142099905, -0.007801514468546181, -0.03994584647221502, -0.007801515188134805, -0.010166790182758989, -0.016878918229693042, -0.023831561894201457, -0.013147448783855856, -0.0210734226784852, -0.022223806475510574, -0.012707603214401715, -0.04746176578412369, -0.03994584375356391, -0.018581204889131658, -0.013104409911470388, -0.051943353155570936, -0.027916388039163645, -0.005950161466102203, -0.03907818004333801, -0.023890094390577845, -0.0368908814304512, -0.004968565040730962, -0.025857559027582112, -0.018581204301196214, -0.025857564987930102, -0.014000866566417953, -0.024758080469079864, -0.011228218067589614, -0.011369471463119066, -0.0068887235253455425, -0.01684798522591976, -0.026172236772126573, -0.04331010232471713, -0.014000868903613815, -0.013104414150247719, -0.0049685719345560694, -0.043310095401270086, -0.03878101108679159, -0.016626002683124617, -0.011815174148363843, -0.024312749703137036, -0.0368691458665922, -0.005006993131356096, -0.03878102517526063, -0.024758091723623806, -0.05194338225589166, -0.036890886229990164, -0.026172240271278995, -0.005006993617488134, -0.024218669162505754, -0.016206939771420518, -0.027355747879425824, -0.007833146115074442, -0.024218677269636817, -0.016626007359320166, -0.011228224153155528, -0.027916402639332726, -0.023890102136076886, -0.0168479898311737, -0.036869159780799375, -0.007833148095879743, -0.01986168048872477, -0.056037902482049956, -0.019861676389933105, -0.016206937480838752, -0.011815171081417495, -0.011369477677650888, -0.005950164329682194, -0.03907820527505499, -0.006888726165620565, -0.024312758267004964, -0.027355751288190386, -0.05603790392149459, -0.005516297241144446, -0.05603788353512227, -0.027355737323431155, -0.02431273984788526, -0.006888725147945652, -0.039078204647538604, -0.005950164426063548, -0.011369479063091891, -0.011815179866993887, -0.016206944106466042, -0.01986167946167976, -0.05603788746473064, -0.01986167522896085, -0.007833148775255662, -0.03686912886429496, -0.0168479830110786, -0.023890098725533028, -0.027916400892188574, -0.011228225790082444, -0.016626009274756534, -0.024218681286335156, -0.007833150696766907, -0.027355738430060277, -0.016206936964792827, -0.02421866616384267, -0.005006995614130592, -0.026172235877035092, -0.036890880097897594, -0.051943369102736864, -0.02475808727286927, -0.03878101274531036, -0.005006994246137601, -0.036869129870337476, -0.024312740450515388, -0.011815171945937676, -0.01662600487504145, -0.03878101808451549, -0.04331009595215552, -0.004968567369266954, -0.013104414044441855, -0.014000866816245601, -0.04331008314767816, -0.026172227494383755, -0.016847977947591904, -0.00688872377458243, -0.011369474969622869, -0.011228220627939605, -0.024758087289877363, -0.014000867153019866, -0.025857556420748634, -0.018581205346917713, -0.025857566230595687, -0.004968568678853417, -0.03689085673510358, -0.023890085023889233, -0.03907817770362845, -0.005950162903948835, -0.027916400137861813, -0.05194337207100182, -0.013104411898511073, -0.018581203267088117, -0.03994580525476259, -0.04746170679320818, -0.012707594311482221, -0.022223781950719956, -0.021073402494339925, -0.013147440092114169, -0.02383154979446311, -0.016878914452684007, -0.010166783106303156, -0.007801509892829174, -0.03994581172822539, -0.0078015079010616325, -0.047793730210221604, -0.03596635834664236, -0.04542114335657354, -0.0050212667443593, -0.026554691486370758, -0.028649730149568804, -0.02085222347992723, -0.01510907745119948, -0.04779374872216159, -0.04746172277548316, -0.010166780663973574, -0.015109072944161356, -0.019107061200987433, -0.03707126177498467, -0.044353691408147995, -0.022848841536781586, -0.008337646972425127, -0.01314604695963587, -0.019107067701500363, -0.0359663733406574, -0.012707598848722971, -0.016878917313786764, -0.02085222767258195, -0.013146047370392162, -0.006770794517398415, -0.03972923282706358, -0.027510936501340767, -0.030009272960906747, -0.00677079544221963, -0.03707127190788424, -0.04542115857005027, -0.02222378954035172, -0.02383155506787691, -0.028649741056590367, -0.008337652987203906, -0.03000928447433358, -0.03462857382403775, -0.012319027939401574, -0.03462856638525898, -0.03972923006700126, -0.04435369751809696, -0.005021266998152617, -0.021073404445869946, -0.013147447597653508, -0.02655470168742992, -0.022848854025260244, -0.027510948657869634, -0.012319032437376651, -0.007441492297476865, -0.012319029076513924, -0.02751093600027246, -0.022848842406908963, -0.026554698792465813, -0.013147445577511064, -0.021073411881100422, -0.00502126887333262, -0.04435372052328624, -0.039729251386281854, -0.034628574297064695, -0.012319024905645166, -0.03462856969226529, -0.03000927935941269, -0.008337646306580201, -0.028649737480861547, -0.023831556175730195, -0.022223792916587718, -0.04542117399430317, -0.03707128753270101, -0.006770799677067313, -0.030009275467023436, -0.027510938319924787, -0.0397292340267317, -0.006770792929632391, -0.01314604899582011, -0.020852224371957054, -0.016878917413474692, -0.012707597165800255, -0.03596638014557086, -0.0191070687026102, -0.013146049379597426, -0.008337645903180877, -0.022848839748609358, -0.044353695304921774, -0.03707127248677502, -0.019107066091593763, -0.015109076351821285, -0.010166783743697902, -0.047461729096365875, -0.04779375570044712, -0.015109074375173146, -0.02085221798432214, -0.028649721825704737, -0.026554684757901563, -0.005021267527196707, -0.04542116208215992, -0.03596637523755578, -0.04779375538996025, -0.0078015087161843796, -0.03994581071001351, -0.007801511330984679, -0.010166780145383388, -0.01687890780798119, -0.023831544404256312, -0.013147440655884558, -0.02107340563959999, -0.022223787659007146, -0.012707596079816872, -0.04746173139601825, -0.039945813050190265, -0.044500327176601726, -0.0338870560002136, -0.019792850984742944, -0.034536170346806824, -0.01458411878146649, -0.022452124092383303, -0.03611871728310015, -0.02944881004240289, -0.007861047290180003, -0.010266512924600372, -0.04450033505480891, -0.01026651455371109, -0.03649857860845587, -0.04656009705863249, -0.03203040071052936, -0.006025833455795237, -0.017381679408344185, -0.034371207614763394, -0.03330312104992576, -0.024831852975345226, -0.036498591123090264, -0.03388706906952447, -0.007861044256257691, -0.024831845919847315, -0.03172622337263863, -0.04114243145507876, -0.03432585501413566, -0.03258036871440823, -0.012599294867107619, -0.009807058959606848, -0.031726233410268055, -0.04656011312846074, -0.019792858576419024, -0.02944881763104229, -0.033303121971285966, -0.009807057969890157, -0.009508977582036747, -0.03950159714649526, -0.037744788744936614, -0.01888594802940672, -0.00950898100017476, -0.041142435946964546, -0.032030414218864524, -0.034536186712934944, -0.03611873542734225, -0.03437122099895321, -0.012599295082194152, -0.018885953942614258, -0.03836415410065084, -0.01842243552438696, -0.03836414798492142, -0.039501593495630295, -0.034325857792853263, -0.0060258354003932275, -0.01458412473269431, -0.022452135013063704, -0.01738168582670674, -0.03258038392977136, -0.03774480312438736, -0.018422436818280357, -0.005876042090530845, -0.018422433568509082, -0.03774478715167221, -0.03258036665460046, -0.017381687929700892, -0.022452132395749193, -0.014584128788035996, -0.00602583807081626, -0.034325881601606344, -0.039501611664944654, -0.03836415774283888, -0.018422435613851484, -0.03836415546554022, -0.018885950867972394, -0.012599293457004446, -0.034371219382106265, -0.03611873428792164, -0.034536199775271836, -0.03203042707699912, -0.041142459818931054, -0.009508980336810463, -0.01888595076186696, -0.03774479117244113, -0.039501600754870525, -0.009508979104335392, -0.009807059617047876, -0.033303128064827436, -0.02944882136607529, -0.019792866165030887, -0.04656012547019004, -0.031726241711046536, -0.009807060936151189, -0.012599292094611766, -0.03258036888109234, -0.034325861110136906, -0.04114244350218085, -0.03172623348517676, -0.024831853740255042, -0.007861049755279464, -0.03388707254036896, -0.03649859697101675, -0.02483185315514439, -0.03330311706250414, -0.03437120071634047, -0.017381678069594824, -0.006025835767152744, -0.03203041182207636, -0.04656011606148365, -0.036498596163978145, -0.010266515472539298, -0.04450033548599135, -0.010266515089567963, -0.007861042915486328, -0.029448805583096937, -0.03611871463680714, -0.022452119324445918, -0.014584120374027941, -0.034536183098915846, -0.019792856478452147, -0.03388707050994211, -0.04450033404402695, -0.020233904211947068, -0.01305537038212889, -0.04497278350817451, -0.03182375755555734, -0.007504109045959345, -0.043451342501179206, -0.029768277391390378, -0.04222646542484511, -0.005296861129611221, -0.01943612051110907, -0.020233903807834058, -0.019436121544811037, -0.014809681739849876, -0.027996204498341063, -0.012604698021307622, -0.009640018703517389, -0.008225016542030457, -0.020063314382788373, -0.03138147686703699, -0.04478869902106386, -0.014809686897322571, -0.013055374773058457, -0.0052968576818839585, -0.0447886878243013, -0.04240968490410603, -0.01898530770481746, -0.012799289120625185, -0.026597312452671978, -0.030088664038822998, -0.005430469314736079, -0.042409698597519564, -0.027996216128526496, -0.044972808946632234, -0.042226468916349146, -0.03138147550593062, -0.005430472905155922, -0.018380100220656483, -0.01706649869846919, -0.02718461715184786, -0.007817286946529401, -0.01838010235508449, -0.018985313458008714, -0.012604705474626507, -0.0318237742191489, -0.029768286723522313, -0.020063316114267152, -0.030088663039441688, -0.007817287475643257, -0.01908135974937929, -0.04064135309157288, -0.0190813581903123, -0.01706649975926206, -0.012799290060358025, -0.00964001915542732, -0.007504110110217827, -0.04345136380936783, -0.008225018240892413, -0.02659731741886138, -0.027184624248729545, -0.04064136308111313, -0.004563160357701922, -0.040641344913968716, -0.027184613727254673, -0.026597310411775727, -0.008225019172501355, -0.04345136783224417, -0.007504110472555469, -0.009640025563717538, -0.012799296003931702, -0.017066503790073267, -0.019081359712832924, -0.040641351244226374, -0.019081355683452827, -0.007817286196744485, -0.03008865931155016, -0.02006331807393569, -0.029768290332814508, -0.03182378122236858, -0.012604708824656473, -0.01898531911799693, -0.01838010811428501, -0.007817285914893024, -0.027184617273334932, -0.017066499101994124, -0.018380098852175678, -0.00543047212466122, -0.031381484075282545, -0.0422264769343658, -0.04497281650985144, -0.027996220426622462, -0.0424097064015229, -0.005430471601417912, -0.030088649742593003, -0.026597308500997445, -0.012799290995368083, -0.018985313113781876, -0.04240970427325648, -0.04478870333816978, -0.005296858792909906, -0.013055376403542937, -0.014809684576044502, -0.04478869873065619, -0.03138147114610054, -0.020063308566858427, -0.00822501358016642, -0.00964001752154804, -0.012604705278958298, -0.027996214694895872, -0.01480968879727677, -0.019436122916680145, -0.020233903433350166, -0.019436115258988557, -0.005296859653909663, -0.04222644965290825, -0.029768270608143195, -0.04345133858951589, -0.00750410933854331, -0.03182377129547799, -0.04497280322152458, -0.013055376944628733, -0.020233906393739762, -0.027034979137796598, -0.04385761691842796, -0.009741661220505116, -0.018928451894486917, -0.03576992938236735, -0.013084698424276198, -0.02121651642182694, -0.014225841642414147, -0.013887775349170468, -0.005678771003792816, -0.027034979770124052, -0.00567876892688978, -0.04360664687704415, -0.027584331375547513, -0.0516548307072541, -0.004870925055910236, -0.03964074313557325, -0.025827989338555023, -0.01678304217749833, -0.012179189495596671, -0.04360666249199267, -0.04385762803556289, -0.013887769638709293, -0.012179184652048354, -0.014473344400016496, -0.02921250359278221, -0.04102688489403967, -0.01741883391182045, -0.00695153661569678, -0.01853538462874024, -0.014473352508616111, -0.027584347154179564, -0.009741665687050583, -0.014225838786825375, -0.016783036766013136, -0.01853538020672824, -0.0051402742871981275, -0.03036085248271828, -0.01878546540418476, -0.035717351014375294, -0.0051402761505666816, -0.02921251771861899, -0.051654867074869465, -0.018928462102922948, -0.021216518272245674, -0.025827987824485726, -0.0069515406776581535, -0.035717346613256463, -0.023762865068090323, -0.0077447442593766, -0.023762866658835344, -0.030360854412215144, -0.041026897817058545, -0.004870925458256249, -0.035769944059819064, -0.013084701604765058, -0.03964074187084521, -0.01741883448983239, -0.01878546661562495, -0.007744743994339289, -0.0078031919003384905, -0.007744743315512611, -0.018785463087115394, -0.01741883646386709, -0.03964075904905406, -0.013084705783851614, -0.03576993439238546, -0.004870927035409162, -0.04102689997204438, -0.030360857825524088, -0.023762861419822427, -0.007744741499296754, -0.02376286325995424, -0.03571734492309634, -0.00695153619771295, -0.025827995485352577, -0.021216519095086254, -0.01892846039838994, -0.05165486066324882, -0.029212514581746177, -0.005140275892693584, -0.035717335996996745, -0.01878546027307972, -0.030360852518731826, -0.005140276972919843, -0.018535389251764418, -0.01678304100354378, -0.014225842352952971, -0.009741665836254845, -0.027584342526788194, -0.014473348859880865, -0.018535371193797667, -0.006951534585853966, -0.017418827754738703, -0.0410268920209139, -0.029212514179764903, -0.014473348894758828, -0.012179188082743729, -0.013887773683405203, -0.04385762686779582, -0.04360665752620098, -0.012179185645300595, -0.01678302979941315, -0.025827969183913987, -0.03964071437846223, -0.004870924948772871, -0.05165486487174399, -0.027584346580296126, -0.04360666329646057, -0.005678769046910379, -0.02703497850232354, -0.005678770984690123, -0.013887767592903656, -0.014225833302693277, -0.02121650919723476, -0.013084696796665152, -0.03576993593178238, -0.01892846163905929, -0.009741665887900862, -0.04385762994908003, -0.027034980725181432, -0.026171543998649606, -0.016952296813336876, -0.031834289479893196, -0.04293918082045119, -0.011620839413181963, -0.04298831566747773, -0.04332259869036446, -0.046579365272918914, -0.00653919866477564, -0.01234161706639143, -0.026171545002057754, -0.012341614375635036, -0.021073790029013096, -0.038582082951833, -0.019559014951575873, -0.007662553717522006, -0.012127434764764381, -0.031898943487365716, -0.04247214579806189, -0.040930979614841725, -0.021073800583145917, -0.016952301514378872, -0.006539197171323634, -0.0409309618014555, -0.042053985249236224, -0.02785662657836699, -0.01873976208653196, -0.03267009044470252, -0.02116523348166766, -0.0071777285276310165, -0.04205400757471903, -0.03858211032858433, -0.03183430834839583, -0.04657935676450208, -0.042472135139155716, -0.007177726067667464, -0.012115463134192412, -0.023545314565277458, -0.031405250547573225, -0.010016497988624855, -0.012115465978002036, -0.02785663688472416, -0.01955902373433399, -0.04293920298203949, -0.04332260114361599, -0.03189893712690031, -0.021165230486186036, -0.010016498140449864, -0.022647994277491555, -0.023749927805733293, -0.022647994278164916, -0.023545314573836306, -0.018739763290604367, -0.0076625582168268445, -0.011620844458554852, -0.0429883286818953, -0.012127433108219156, -0.03267008390944693, -0.03140524487799488, -0.023749926654771193, -0.004010423839450706, -0.023749930277979746, -0.03140524517909798, -0.032670085867822454, -0.012127434820364857, -0.04298833095812325, -0.011620848035670317, -0.007662554176260812, -0.018739767012526765, -0.023545313017233643, -0.02264798799433552, -0.02374992244854064, -0.022647990878392216, -0.010016496806217596, -0.021165228016372103, -0.031898942377479, -0.04332260284489198, -0.0429392025355848, -0.019559020600916986, -0.027856630322979362, -0.012115459093022439, -0.010016495401529666, -0.031405233558531524, -0.02354530638974555, -0.012115458253787745, -0.007177725817275116, -0.042472143831914944, -0.046579361960310865, -0.0318343066687369, -0.038582095160676996, -0.042053988906210364, -0.007177724059037944, -0.021165219517908625, -0.032670066789951394, -0.01873975906411917, -0.02785663346054949, -0.04205399724599788, -0.04093097203958321, -0.006539196838716161, -0.016952302079044024, -0.02107379478770284, -0.04093095455824269, -0.04247211747027929, -0.03189892410618098, -0.01212742718805905, -0.007662555305062202, -0.01955902289837911, -0.03858210314222298, -0.021073797341746726, -0.01234161523667031, -0.026171544590697468, -0.012341614616475009, -0.0065391965482853405, -0.046579332563317255, -0.04332257776853687, -0.04298831056887076, -0.011620842959959809, -0.042939212578310695, -0.031834309073278395, -0.016952302812832724, -0.026171545333789903]","[0.003954091483118782, -0.0016892569448861026, 0.011519602930602746, 0.023679443673692093, -0.0026759503822901564, 0.0028555944322011385, 0.08219634674227734, 0.06790199898819727, -0.004360409694809232, 0.0010077982344961045, 0.0031643264494299337, 0.0017603210774123032, 0.003824445655523227, -0.012917452461482543, -0.008120905360522245, 0.003256942521739435, 0.0005667403065912235, 0.0005984502141203113, 0.024905011019132034, 0.06398701209165669, 0.013517784680350746, -0.0012646914477047622, 0.0026477713334564653, 0.0033116681254690772, 0.03226392613322303, 0.027965687124956895, -0.0046518538947038215, 0.002739250721001206, 0.008245275759533991, 0.003843195209997401, -0.0006371903073377019, 0.052653312060386856, 0.03519553559495992, 0.09289634854353417, 0.05201603670440498, -0.009355227384468038, 0.0009824391444507355, 0.002822990700629455, 0.0014422004263237658, -0.0025985303719760974, 0.0016012662688159886, 0.0020379281073091477, 0.00039122956932398476, -0.005854926517796875, -0.010603020727652247, 0.006074782579464519, 0.011461084892852063, 0.00253819151780906, -0.0010241770653245349, 0.004353783516785288, 0.005378336599588958, -0.0008180449408127025, 0.002636952132348757, 0.0018396590201670872, 0.0018843302159492884, 0.04023174348668772, 0.0100389966220196, -0.0008888956778055124, 0.01984727681793856, 0.007350126941955343, 0.0005844017306455812, 0.0005844031662084676, 0.007350123795982608, 0.019847226890377104, -0.0008888894232426126, 0.010038997486630456, -0.010603006577630292, 0.001884335673560951, 0.0018396596255297016, 0.002636955835846891, -0.0008180499665621057, 0.005378363468109729, 0.004353793244776732, -0.0010241712740681947, 0.0025381888745308577, 0.011461074392598011, 0.006074788995452862, 0.092896361066884, -0.005854942052291921, 0.00039122183628217093, 0.002037931406255431, 0.001601259106339564, -0.002598550160799901, 0.0014421905530866632, 0.002822988085128669, 0.0009824352587064528, -0.00935521987546761, 0.05201603480663446, 0.002647778909021382, 0.03519550464895979, 0.05265329131095377, -0.0006371914522788171, 0.0038432028003889027, 0.008245284975567703, 0.0027392446075333774, -0.004651853011160982, 0.027965670721472408, 0.032263898497952526, 0.0033116745224861257, 0.0017603195358640005, -0.001264698604834409, 0.01351777639117779, 0.06398699604845537, 0.024904996884743742, 0.0005984480295492169, 0.0005667617388907507, 0.003256941245440369, -0.008120904711536262, -0.01291745194652717, 0.0038244517860171936, 0.003954098958016745, 0.0031643210435419863, 0.001007792023132359, -0.004360416952082299, 0.06790200329073562, 0.0821963648648672, 0.0028555920388069838, -0.0026759466390785373, 0.023679423580010548, 0.011519604882362028, -0.0016892577620304943, 0.0010310687017702433, -0.00030204933663816036, 0.0007787494873588918, 0.0016293090649033392, -0.0036724647178203967, -0.001145976449311376, 0.009355093276165249, 0.009646436817838248, -0.004034462712463487, 0.0006459660581024997, 0.00039026696979696323, 0.00027799710173388617, 0.0010662221883602878, -0.003789564840112862, -0.005487039925911181, 0.0006880494951485906, 0.0006279489677773209, -0.001173606443365576, 0.008115042407273837, 0.007984007618880599, 0.0008902344722805642, -0.0014200464248705557, -9.029621584936127e-5, -0.0008055978588413786, 0.0022901674960584587, 0.0023190207391926444, -0.0019247582300994056, -0.0002730067349206104, 0.0007034976498916172, 0.00045169174327215053, -0.001483567219539126, 0.005704114354028975, 0.003328730463493044, 0.011448454923503562, 0.00813748322696221, -0.005212224793180906, 0.00039348812019671575, 0.0002441565764676247, -0.0004272091618429205, -0.0010255772962172176, 0.00027437313475039927, 0.0005062718843587094, -0.001540294936989603, -0.002699204752280934, -0.007355301407559483, 0.0028524455918785617, 0.0020412906057038736, -0.00017673560544878512, -0.0007136857910660633, 0.0005013970003446782, 0.0007298801273535383, 0.00020080838723361477, 0.0017081299271484588, 0.00035096359026191165, 0.0009258580341731735, 0.0026859415927724412, -0.0003008327772766766, 0.0013326381455706737, 0.002916380676298945, 0.0008831404787507896, -3.686459089991113e-5, -3.6839087204449524e-5, 0.0008831403429648398, 0.0029163833978414007, 0.001332638691743283, -0.0003008286788021768, -0.007355303388400158, 0.0009258594479240184, 0.0003509650100246315, 0.0017081276039126229, 0.00020080563703150705, 0.0007298857326934133, 0.0005014015322756742, -0.0007136977143554347, -0.00017673526786787146, 0.0020412953235259676, 0.002852439306825256, 0.01144844788357642, -0.0026991984737382404, -0.0015402879880572614, 0.0005062688698043553, 0.00027436786924547505, -0.001025584004150277, -0.0004272072035417648, 0.000244156578095107, 0.00039349126520198596, -0.0052122248846524725, 0.00813748011988024, -9.02983415263426e-5, 0.0033287306974040982, 0.005704108059741464, -0.0014835668469432729, 0.00045169584383118614, 0.0007034953515076836, -0.0002730047392869039, -0.001924758171991968, 0.0023190167984778183, 0.002290163960549381, -0.0008055979595870527, 0.0002779999977050682, -0.0014200399670640058, 0.0008902349407193357, 0.007984006095280136, 0.008115043003668118, -0.0011736044998755892, 0.0006279368947591854, 0.0006880510810318694, -0.005487030269413851, -0.0037895732351382874, 0.0010662154952312084, 0.001031076078819616, 0.00039026722057382247, 0.0006459621373783078, -0.004034464947106702, 0.009646440027276316, 0.009355096663791402, -0.0011459734548101399, -0.003672462497953607, 0.001629305512163933, 0.0007787483944873917, -0.0003020617432370964, 0.0003640787402416261, -0.00012044701523329822, 0.0017943601672108702, 0.0016871924657004098, 0.0005789047966223176, 0.0008058924069697344, 0.0064954879035448, 0.007550549499564867, 0.00043813896654434773, 5.76689646384483e-6, 0.0004661824051559962, 9.65959445230807e-5, 0.0001588164121867977, -0.0004584708720511985, -0.0005017514307229277, 0.00013280397355384222, -9.447903338503908e-5, 0.0006443143030197211, 0.0040964655539327864, 0.005382074370864055, 0.0019543458388792925, 0.00012137045200088045, 0.0004144300432939661, 0.000878259785960521, 0.003678412809951947, 0.002849315460864867, -0.00028829407640979356, 0.00036650249562539716, 0.0008985224848673261, 0.00042076442130618364, 0.00037173869180515557, 0.005043676877833069, 0.0034945226546323873, 0.008333832033171633, 0.006030046513318127, -0.00010488128237264675, -2.2454570460986106e-5, 0.0002822602940558399, 0.00023809240166671017, -5.9224667715158434e-5, 0.00018219005943475658, -0.00010808943764177505, 0.00040863793005688556, 0.0004065692302037954, 5.1741352197740215e-5, 0.0025040931991099085, 3.2298183517541436e-5, 0.00038991879723245437, -1.3488579261110517e-5, 0.0005844204916174438, 0.0006266733701926885, 6.288233260098993e-5, 0.00042440185912309344, 0.0001936177634985312, -2.2547864437620863e-5, 0.004460482445726193, 0.0018827451332755758, 0.00015378004436435752, 0.0017043111826704628, 0.0007404169655902395, 0.00012177714619331122, 0.00012178508825903348, 0.0007404445293713101, 0.0017043508511195371, 0.00015377616088593847, 0.0018827452965913978, 5.1740542681437754e-5, -2.254524762407738e-5, 0.00019361380875088606, 0.00042438430817414623, 6.28718539073701e-5, 0.0006267003198703049, 0.0005844498290296161, -1.349252595550886e-5, 0.00038992000449594006, 3.230047225634571e-5, 0.002504084434207229, 0.008333811013814883, 0.00040655969885733276, 0.0004086300996219394, -0.00010809375614060572, 0.00018218768424807877, -5.9225055748270166e-5, 0.0002380980776588384, 0.0002822713991194542, -2.244734462713882e-5, -0.00010488318094365525, 0.0060300371788752395, 0.00041443581020226736, 0.003494525664562944, 0.0050436454629835935, 0.0003717394124561262, 0.00042076073365656796, 0.0008985257091032285, 0.0003665034723600417, -0.0002883091691187527, 0.002849306119379356, 0.0036784028519762815, 0.0008782574830556996, 9.659821719997419e-5, 0.0001213676933681964, 0.001954350849241697, 0.005382093904898573, 0.004096468712968736, 0.0006443161355061543, -9.447344221726677e-5, 0.0001328062696277816, -0.0005017766505933333, -0.00045850444239747996, 0.000158827386956739, 0.00036408998992552757, 0.00046618671985420267, 5.76655933826578e-6, 0.0004381405459068968, 0.007550555041506277, 0.006495490062343849, 0.0008058933539172318, 0.0005789039540727149, 0.0016871983633818311, 0.0017943698296068607, -0.00012045987245158597, -0.0005919571364489794, -0.0017511599610387542, 0.00018873152809677912, 0.0011951752080230434, -0.000878888053961881, -0.0004063549822056424, 0.00400091501566863, 0.003692494868911664, -0.000802673615194321, 4.789908682906951e-5, 0.00041917084635750487, 6.824016148265603e-5, 0.0005214028540951854, -0.0041019599810900725, -0.0034490604702547834, 0.00031672594452437875, 4.3179203655952414e-5, -0.0004193295348061839, 0.0015743832034438594, 0.0029092534389463976, 0.0002163284743386814, -0.0011766811939933873, -0.0001630888781086669, -0.00012384048005088192, 0.0011588419166985715, 0.0005534456245925392, -0.001907943372932163, -0.0005112938852270092, 0.0004588129700007575, 9.99234410484015e-5, -0.0005292475722603803, 0.0038467477728598466, 0.002976034609510723, 0.004381229008748364, 0.0019429308480855812, -0.0010079364342547692, 3.325922220955035e-5, 0.0002322294508093365, -0.000717256064335439, -0.0007028498709339658, 4.314105980221072e-5, 0.0005075253935549241, -0.0008142945393587002, -0.0012905412307102722, -0.0017023389658226689, -0.0010993040085457428, 0.000835245536410154, -5.5125759697699115e-5, -0.0004220529787139892, 0.00023496277450715287, 0.0003907128575392463, -0.0010995493293139078, -0.0005103269033486894, 0.00017134110110879396, 0.00018395373564036014, 0.0019559697803012417, -0.0001859224031930543, -0.0003536377418494091, 0.0012290921655409973, 0.0006102636678504839, -4.8922020175151877e-5, -4.892025662288165e-5, 0.0006103134646181581, 0.0012291815188008783, -0.00035365454327173544, -0.00018592250555980413, -0.0017023320220555876, 0.00018395842791037946, 0.00017133468130940167, -0.0005103368130349346, -0.0010995465031562388, 0.0003907095404030378, 0.0002349878564598867, -0.00042208216465999056, -5.513215016193901e-5, 0.0008352469835214508, -0.0010993094863654303, 0.004381244550507669, -0.0012905614788308968, -0.0008143276191697676, 0.0005075138237253477, 4.313682213753317e-5, -0.0007028961629657019, -0.000717305329378394, 0.00023225905360169693, 3.3262500823592065e-5, -0.001007938523044231, 0.0019429474432186185, -0.00016307474166110062, 0.0029759828974322625, 0.0038466639288083065, -0.00052924426108778, 9.991976875899932e-5, 0.00045884833487215093, -0.0005113436678512597, -0.0019080383809150798, 0.0005534136641714826, 0.001158799392686997, -0.00012383757466556466, 6.823624169630712e-5, -0.001176704379250106, 0.000216324699365326, 0.0029092703257600615, 0.0015743901169465208, -0.000419326597634654, 4.317744126430852e-5, 0.00031672822458025376, -0.0034492123237935997, -0.004102162752607642, 0.0005214191787789235, -0.0005919419340507412, 0.0004191786352025497, 4.79072262335894e-5, -0.0008026694347481661, 0.0036924716678088188, 0.004000908481795237, -0.00040636007035670617, -0.0008789000315071749, 0.0011951753982220531, 0.00018872379944125735, -0.001751230307725411, -0.001214251828472289, -0.0017765559268592378, -0.00040167244265039686, 6.145893175295248e-5, -0.0004423188197299959, -0.00029610563441148457, 0.0009242906860211068, 0.0008540542042958776, -0.00039981336364142774, 3.542434075368879e-5, -5.17925835747296e-7, -0.00034065859294326976, -2.2195772759053172e-5, -0.0030281211551387785, -0.00251291823597553, -6.0259709396172454e-5, -3.23992611759047e-5, -0.0005474353944976119, 0.0004980784804280731, 0.0006142453248724947, -0.000704875766299591, -0.0010979009118807523, -7.28805353078724e-5, -2.5697560177163968e-5, -0.0002020848164786277, -0.0004354234712234256, -0.0016864341968485484, -0.0008635161503888402, 4.0136712738818347e-5, -3.981465978675363e-5, -9.887140142058692e-5, 0.0006933710215426066, 0.0007205252107416087, 0.0009443244009837242, 0.00031691253432941874, -0.0004681210589086627, -1.9071612628753778e-5, -2.549804296399878e-5, -0.0009869152275990677, -0.00040461362716947896, -5.727806704572229e-5, 4.1858652845616466e-5, -0.001346748754172099, -0.0014047131865272812, -0.000988170423207749, -0.0005533114586018057, 0.00026193065786532413, -0.0001778978498669999, -0.00020640061845591889, -0.00017853180510577936, 4.266858317208299e-6, -0.001199467291436553, -0.0008947109049952558, -8.631642572848574e-5, 1.789337566563273e-5, 0.00027904696062897987, -0.0002372775574514404, -0.00014035227269871826, 0.00011517235756418462, 2.279328638795622e-5, -7.4018525639263095e-6, -7.393446433320367e-6, 2.2801945475810735e-5, 0.00011519879369008452, -0.000140362937786239, -0.00023727909714038424, -0.0009881585956788583, 1.7897084642381898e-5, -8.631693381729966e-5, -0.0008946895463540477, -0.001199435604290304, 4.274239894455178e-6, -0.00017854181513301124, -0.00020641792178977014, -0.00017790955331738062, 0.0002619359063710035, -0.0005533192325859488, 0.0009443401362844064, -0.0014047028326850675, -0.0013467460489915203, 4.185934542496803e-5, -5.728265372146799e-5, -0.00040461843975404897, -0.0009869989378672684, -2.5500438777694594e-5, -1.9076979659219203e-5, -0.0004681165894045301, 0.0003169170411183098, -7.28790596888412e-5, 0.0007204946688069988, 0.0006933461006340901, -9.887723905101941e-5, -3.981954729835081e-5, 4.0150690640007776e-5, -0.0008635923580539912, -0.0016865529342596584, -0.00043547026399802166, -0.00020211784413634235, -2.56823856856121e-5, -0.000340656139149157, -0.001097951038594407, -0.000704862944166319, 0.0006142588384440123, 0.0004980997202259515, -0.0005474658552580308, -3.239941219103201e-5, -6.027119451508197e-5, -0.0025130517449418674, -0.003028276964878656, -2.220549831920607e-5, -0.0012142454947608014, -5.163281914397294e-7, 3.541145375648694e-5, -0.0003998122627972997, 0.0008540540712652893, 0.000924281413728354, -0.0002961145181033903, -0.00044232126420571814, 6.144520613089234e-5, -0.0004016966296683912, -0.0017766413958852489, -0.0004943633272276157, -0.00037147572486619226, 0.0001726155466245645, 0.00026831583656118684, 1.774325594898459e-5, 5.5558940735558773e-5, 0.0008180624197550252, 0.0008663016722899918, 3.96327898371216e-5, -4.708954708337068e-5, 0.00023374001884599494, -6.516612429490642e-6, 3.5629423411820166e-5, -0.0005882303743862246, -0.0004453619358708097, 6.746062013456819e-5, -3.3152455986017605e-5, -6.79412870413153e-6, 0.0004042858173150531, 0.0004760439513901136, 8.872441952202973e-5, -0.0001255541402956758, -2.121798053771626e-5, 4.442637232494786e-5, -2.250349005506174e-5, -3.858669534547365e-5, -0.0003800519038344684, -0.00022513397447698237, 0.00021877500882029263, 3.352132919913833e-5, -1.83711609185904e-5, 0.0005413191599821809, 0.0006784846006763581, 0.0008719236028988545, 0.00045956492163519934, -6.676273310892252e-5, -3.628348316030101e-5, 0.0001242886209980652, -0.000261864831915828, -8.298874702910978e-5, -9.79674427557223e-6, 0.00014214872563802193, -0.00021062624727168717, -0.00017244831319729187, -4.782675054372938e-5, 5.183480316092921e-5, 4.580460342161371e-5, 8.885173333070533e-6, -3.9613569214676236e-5, 1.572335970671259e-5, -8.754475003302023e-8, -0.00025760144398897784, -0.00018243484133112292, 9.09504973420224e-5, -2.7801064074212177e-5, 0.0007997998323654933, 0.00017411698674281393, -6.100251579037769e-5, -1.5496617865376472e-5, 5.762776964583823e-5, -3.0197022166205865e-5, -3.0198629508822875e-5, 5.7623963035149375e-5, -1.548623579033625e-5, -6.100251122366702e-5, 0.00017411589104992373, -4.782478010919295e-5, -2.7795309056667086e-5, 9.09464528318585e-5, -0.0001824353104160312, -0.0002575998207922949, -7.996135723852319e-8, 1.5746151974008025e-5, -3.961163215325559e-5, 8.889002214850633e-6, 4.5809738615404876e-5, 5.183341022323352e-5, 0.0008719384222015873, -0.00017244263156914973, -0.00021062474647163382, 0.00014214284622627343, -9.80765838191467e-6, -8.29837321633269e-5, -0.0002618768309742678, 0.00012429983919053255, -3.629045002092628e-5, -6.676640495812292e-5, 0.0004595598688224706, -2.121394288837579e-5, 0.0006784646563895528, 0.0005413223390268581, -1.8361097835887933e-5, 3.3520782854366406e-5, 0.00021879730988916583, -0.0002251557198272964, -0.0003800803052955873, -3.8610151066200034e-5, -2.25652835371239e-5, 4.4417031636876e-5, -6.513490404688629e-6, -0.00012555637620508957, 8.87385898248528e-5, 0.00047606875199249405, 0.0004043075274189492, -6.790393783976897e-6, -3.314926402055953e-5, 6.746061879439147e-5, -0.0004453981438887634, -0.0005882776106146447, 3.563742942314834e-5, -0.0004943661791653646, 0.00023374373560046966, -4.709337934917985e-5, 3.963915474147127e-5, 0.0008663299904359107, 0.0008180698087648431, 5.5559218254348894e-5, 1.7735771490068233e-5, 0.00026831417318529235, 0.00017261316195917975, -0.0003714976008629459, -0.0012142013965616687, -0.0017764867466914702, -0.0004016496805996428, 6.146908759821251e-5, -0.0004423230421242879, -0.0002961025974670187, 0.0009242759761718075, 0.0008540378110438225, -0.00039981500741197943, 3.54245481637329e-5, -5.113394682869452e-7, -0.0003406545446231965, -2.2185885296209095e-5, -0.0030279821294105207, -0.002512804560559247, -6.025773402494985e-5, -3.239736735717206e-5, -0.0005474222107937983, 0.0004980845623503351, 0.0006142449411826522, -0.0007048832579882001, -0.0010979347983350492, -7.287829557007489e-5, -2.5691936759503838e-5, -0.00020207332965181115, -0.00043538417693609645, -0.001686368699859813, -0.000863485960042828, 4.013925884898198e-5, -3.981996085891871e-5, -9.887387125437916e-5, 0.0006933734784960437, 0.0007205310712792169, 0.0009443305406502947, 0.00031691983352984566, -0.00046811326407100663, -1.9066233589468525e-5, -2.5502150227228227e-5, -0.0009868911243796725, -0.0004046160099551461, -5.7274487177167064e-5, 4.1858641397202255e-5, -0.001346794928078713, -0.0014047452530033915, -0.0009881705022899631, -0.000553314238515832, 0.00026191739885957045, -0.00017789664749865965, -0.00020641753003417408, -0.00017852534663469026, 4.26106773028528e-6, -0.0011994413637966654, -0.0008947330356959219, -8.63168020821866e-5, 1.7888313372205113e-5, 0.00027904448183241337, -0.00023728104751664198, -0.0001403558445342031, 0.00011517915828779214, 2.2794497959049455e-5, -7.401627686458419e-6, -7.404026634001996e-6, 2.2794251015752914e-5, 0.0001151831815401883, -0.00014036523618947405, -0.0002372846053647068, -0.0009881636730736795, 1.7896104639636317e-5, -8.631978815851302e-5, -0.0008947287907822791, -0.001199442872392818, 4.280510035039112e-6, -0.0001785207099975365, -0.00020640976874656603, -0.0001779082504782595, 0.00026193356850189573, -0.0005533025676061304, 0.0009443358264186411, -0.00140469772049121, -0.0013467434878465983, 4.185529936413725e-5, -5.727703325250649e-5, -0.00040458780820041163, -0.000986924241536462, -2.549365107993337e-5, -1.9073821054733383e-5, -0.00046811981037336414, 0.0003169169613499095, -7.286896284751607e-5, 0.0007205196445842534, 0.0006933623625338912, -9.887223295458489e-5, -3.9819765551593465e-5, 4.0149991499759694e-5, -0.0008635366853088147, -0.0016864838186215975, -0.0004354466213824697, -0.00020210266048405982, -2.5688096352553542e-5, -0.00034065576030009375, -0.001097922451271158, -0.0007048693750783897, 0.0006142565711527046, 0.0004981216743651803, -0.0005474504464562211, -3.240006078219601e-5, -6.026322903403183e-5, -0.0025129607695406307, -0.003028170812093181, -2.2197832177900867e-5, -0.0012142000403409766, -5.099383124402158e-7, 3.5429256625556216e-5, -0.0003998123877236587, 0.0008540638150452415, 0.0009242923412750815, -0.00029610750634941806, -0.00044231780707779133, 6.146066554664226e-5, -0.0004016749331028765, -0.0017765591560043401, -0.0005918934524852398, -0.0017510977898230647, 0.00018874539945691127, 0.001195171556368856, -0.0008788792446251666, -0.0004063507577128737, 0.0040008708203043974, 0.0036924474755031557, -0.0008026698993437728, 4.790468889618823e-5, 0.0004191695409457878, 6.824532901297852e-5, 0.0005213968642841698, -0.0041017765308756, -0.0034489093273269156, 0.0003167243934906408, 4.317662231191692e-5, -0.00041931173239879993, 0.0015743694371371814, 0.0029092433834290187, 0.00021634625230726673, -0.0011766995840428972, -0.00016309128239751745, -0.00012382982509551448, 0.0011588600971348716, 0.0005534820199886541, -0.0019078935307355015, -0.0005113021418258494, 0.0004588034508451657, 9.992229595956589e-5, -0.0005292474592575658, 0.003846795808224359, 0.0029760897149961538, 0.004381233183738493, 0.0019429395816056433, -0.0010079286402149945, 3.3266011933141815e-5, 0.000232210184455042, -0.0007172598832553602, -0.000702840878425583, 4.3137623574067305e-5, 0.0005075319843168584, -0.0008143198821908356, -0.001290562297324621, -0.0017023314779502485, -0.0010993187758404064, 0.0008352250994211952, -5.512658359899018e-5, -0.00042204596663149844, 0.0002349544563562346, 0.0003907003949006789, -0.0010995251311789996, -0.0005103112857259961, 0.00017133453473366347, 0.00018395100057300786, 0.0019559639497921943, -0.00018592746217419064, -0.00035364984510427187, 0.0012291491839558858, 0.0006102845261678625, -4.8921458915740385e-5, -4.8924682906618456e-5, 0.0006102902567412627, 0.0012291590336376596, -0.0003536541793364618, -0.00018592606182939105, -0.0017023343855078438, 0.00018396045367994, 0.00017133554260088133, -0.0005103114882727047, -0.00109954395468651, 0.00039071547698685954, 0.00023500613223078866, -0.0004220705410352503, -5.512930752659312e-5, 0.0008352452685374218, -0.0010992923390453144, 0.004381245319593052, -0.0012905464343014664, -0.0008142912223535418, 0.0005075185777236805, 4.3139188820654595e-5, -0.0007028387005802092, -0.0007172033890078993, 0.0002322663809795518, 3.326697102798781e-5, -0.0010079423449091962, 0.001942952590823983, -0.00016308762292745898, 0.002976033318687803, 0.0038467388781650153, -0.0005292402010084786, 9.992617012598245e-5, 0.0004588403645847713, -0.0005112788205835473, -0.001907966000369301, 0.0005534321702903586, 0.0011588336260431537, -0.00012383852632121722, 6.824497652894306e-5, -0.001176680094336584, 0.0002163387347664488, 0.002909263426959421, 0.0015744246042318606, -0.00041931751300678007, 4.318372149065138e-5, 0.000316725393432331, -0.0034491004247181323, -0.004102025310116542, 0.0005214094248746331, -0.0005918964431862292, 0.0004191796292798561, 4.788399286313923e-5, -0.0008026649824966529, 0.0036924897598686127, 0.004000916608523095, -0.00040635597430299636, -0.0008788924929710039, 0.0011951691201274148, 0.00018872751542906507, -0.00175115488201622, 0.00036410810158375457, -0.00012043163621225296, 0.0017943480271140958, 0.0016871572769333828, 0.0005789029782914028, 0.0008058902231796324, 0.00649545062303789, 0.007550529900417716, 0.00043813864105699137, 5.769601418332906e-6, 0.00046617920437487135, 9.659836719848119e-5, 0.00015882102583931576, -0.00045844067288560407, -0.0005017389312984181, 0.00013280779310595117, -9.448030298091807e-5, 0.0006443133317897611, 0.004096452840376748, 0.005382075712568311, 0.0019543518691498103, 0.00012137471918070526, 0.0004144304771910448, 0.0008782546150564968, 0.0036784129876113567, 0.0028492807182603544, -0.00028829154718187835, 0.00036649363590970317, 0.0008985182333045657, 0.0004207582609590169, 0.00037174175449988437, 0.005043693288732691, 0.0034945644411037997, 0.008333808131862007, 0.0060300258753300685, -0.00010488329495822446, -2.2456629278317636e-5, 0.00028224875396249435, 0.00023807929040944815, -5.9221543890483033e-5, 0.00018219313583720637, -0.00010808645473020843, 0.00040864218134780317, 0.000406570373705805, 5.1742601965516517e-5, 0.002504078543282402, 3.229526308482286e-5, 0.0003899199045951858, -1.3483105478613236e-5, 0.0005844061332234598, 0.0006266690545093487, 6.287763233567842e-5, 0.0004243986565432773, 0.00019362241699775337, -2.2549041365626877e-5, 0.004460481184474187, 0.0018827404889041107, 0.00015377706163506935, 0.0017043478279072735, 0.0007404273855847407, 0.00012178028441323571, 0.00012178274884359021, 0.0007404198398642096, 0.001704349382392018, 0.0001537838729341263, 0.0018827436263658287, 5.174403174624094e-5, -2.254411130222665e-5, 0.00019361470966982352, 0.0004243977955950963, 6.287319684665071e-5, 0.0006266846568399823, 0.0005844416371131769, -1.3493817143476284e-5, 0.00038992115361180903, 3.2295769547071955e-5, 0.0025041030357518344, 0.008333845534441366, 0.00040656998306054385, 0.0004086415071744789, -0.0001080894266797554, 0.00018218989823843329, -5.9212096959259416e-5, 0.0002381123986261932, 0.0002822657700000396, -2.244810590944577e-5, -0.0001048750621426711, 0.006030066092115025, 0.0004144312361170405, 0.0034945447605862962, 0.005043677400313685, 0.0003717412909333848, 0.00042076514823116424, 0.0008985351794057392, 0.00036651117223902955, -0.0002882967530203985, 0.0028493083432998647, 0.0036784280791085124, 0.0008782632808123992, 9.659943130245388e-5, 0.0001213778835750549, 0.001954353147213473, 0.005382086671233341, 0.004096470551086221, 0.0006443135525767529, -9.447569894674094e-5, 0.00013280806233410825, -0.0005017606868056605, -0.0004584738841325389, 0.00015882200500329962, 0.0003641074013132188, 0.0004661809038327457, 5.7553016569827605e-6, 0.0004381411478948555, 0.007550538198195974, 0.0064954719038197405, 0.000805891176547802, 0.0005789007017095038, 0.0016871889816488228, 0.0017943580597092098, -0.00012043802111541004, 0.0010310795005272736, -0.0003020394749194484, 0.0007787558685475094, 0.0016293023068986042, -0.003672456453364915, -0.0011459732337402166, 0.009355092371635433, 0.009646429211662744, -0.00403446578257911, 0.0006459664699518118, 0.00039027144830718107, 0.00027800323164658427, 0.001066225253261147, -0.0037895510177989263, -0.005487042852906625, 0.0006880478678594085, 0.0006279511428586194, -0.0011736054165058895, 0.008115039155750351, 0.007984010254539682, 0.0008902422268930757, -0.0014200490308918863, -9.029764342492186e-5, -0.0008056036150232914, 0.002290163664494564, 0.0023190090762539276, -0.001924758517337104, -0.0002730028747004662, 0.0007034980888773218, 0.0004516920013227992, -0.0014835611104976267, 0.005704121325754683, 0.0033287353724416975, 0.01144844800172325, 0.00813747854235616, -0.005212222848816117, 0.000393479947276556, 0.0002441520832529161, -0.00042720521880302393, -0.0010255853918746112, 0.0002743658127750858, 0.0005062661174691093, -0.0015402846891726073, -0.0026992007233400984, -0.007355304852835292, 0.0028524356776328005, 0.002041293022352773, -0.00017673229115605478, -0.0007136911705625222, 0.0005013965646962814, 0.000729878775280992, 0.0002007939223819679, 0.0017081044753427237, 0.00035096486027328544, 0.0009258613383786487, 0.002685942881208176, -0.00030083490000501554, 0.001332630912905656, 0.0029163845993748832, 0.0008831389095805612, -3.6862644143842575e-5, -3.685066005386317e-5, 0.000883137124097758, 0.002916375502353597, 0.001332638117663602, -0.0003008337667972543, -0.007355298458235231, 0.0009258674370793481, 0.00035096607724191157, 0.0017081341139548699, 0.00020080874665214486, 0.0007298828193418088, 0.0005014019282669082, -0.0007136992170119515, -0.00017673182508168414, 0.002041294618793775, 0.002852450298972714, 0.011448454580366814, -0.002699200924123601, -0.0015402791234033206, 0.0005062689534466051, 0.00027436939650870565, -0.0010255827755485361, -0.00042720719503093983, 0.00024415790584345466, 0.0003934813513399619, -0.005212219417102478, 0.008137486804739814, -9.029565378842585e-5, 0.0033287308964996274, 0.005704116894225436, -0.0014835688262337615, 0.0004516966146944931, 0.0007035000629289451, -0.0002730088215351079, -0.0019247660607981572, 0.0023190108157398505, 0.0022901646464669094, -0.0008055982840973713, 0.000278001695282825, -0.0014200266903593916, 0.0008902418078402644, 0.007984010598395165, 0.008115045452948822, -0.0011736043038417816, 0.0006279446032643689, 0.0006880499597280005, -0.005487045367486954, -0.0037895544426188752, 0.0010662243597516687, 0.0010310775643587358, 0.00039027439499830834, 0.0006459688254610918, -0.004034456833196727, 0.009646437266006667, 0.009355100039337916, -0.0011459776717792558, -0.003672469198256572, 0.0016293038549329791, 0.0007787561961959396, -0.00030205192768468646, 0.00395409184329067, -0.0016892493467567365, 0.011519602719033253, 0.023679435955051373, -0.0026759448773348163, 0.002855594078198321, 0.08219635785731222, 0.0679019965659681, -0.00436041390825794, 0.0010077993195244895, 0.0031643273632556233, 0.0017603258285122975, 0.003824440186907778, -0.012917455806649346, -0.008120914315916675, 0.003256947771436185, 0.0005667596109642709, 0.0005984492737758449, 0.02490500682285209, 0.06398700410615214, 0.01351778185333478, -0.0012646850411172621, 0.0026477744274793326, 0.0033116677571809333, 0.03226391818467575, 0.027965674563329664, -0.004651849126089597, 0.0027392493150530236, 0.008245283963131518, 0.003843207548620666, -0.0006371931221853401, 0.05265331584126939, 0.03519553856735731, 0.0928963492333319, 0.05201604232040924, -0.009355229540308305, 0.0009824405627342696, 0.002822991409420422, 0.0014422100174498165, -0.002598529985709747, 0.001601253374061813, 0.002037926912685984, 0.0003912291463631797, -0.005854927160895111, -0.010603022431402664, 0.006074781271081521, 0.011461086683103493, 0.002538195904230489, -0.001024175584340596, 0.0043537859094836965, 0.005378334242562434, -0.000818057128485414, 0.00263694230688303, 0.001839660032304184, 0.001884350230376027, 0.040231744188590594, 0.010038995081068541, -0.0008889009046424435, 0.019847260920920862, 0.00735011244550268, 0.0005844014875495806, 0.0005844038188468274, 0.0073501133916308945, 0.019847215669152853, -0.0008888848127313085, 0.010038993387687586, -0.010603004949362145, 0.0018843490248363903, 0.001839662559622653, 0.002636954029454603, -0.0008180620079127044, 0.005378357060210709, 0.004353795327879756, -0.0010241735040982364, 0.0025381878838766996, 0.011461076597360889, 0.006074790983511069, 0.09289636412497436, -0.0058549419513818125, 0.0003912208775845622, 0.0020379318896545243, 0.0016012612715053376, -0.0025985529899033855, 0.0014421970992388295, 0.0028229882241079824, 0.0009824316176102153, -0.009355218954518414, 0.05201603232329337, 0.002647780925572835, 0.035195508047639025, 0.052653293579708216, -0.0006371932001121954, 0.0038432008307535018, 0.008245286076991671, 0.002739244076944088, -0.004651854389986641, 0.027965672385325734, 0.03226389985700398, 0.0033116653339238865, 0.0017603197376868814, -0.0012646903818834914, 0.01351777692739076, 0.06398699480348817, 0.024905002664456485, 0.0005984432192388677, 0.0005667527380410829, 0.0032569360418028565, -0.008120905640044414, -0.012917448705030293, 0.003824446207847337, 0.003954102436518285, 0.003164320441114793, 0.0010077938435051918, -0.004360412728800668, 0.06790200454105613, 0.08219636713588148, 0.0028555948690605574, -0.0026759447994026964, 0.023679420347020388, 0.011519602842161697, -0.0016892572915688218, 0.0031643197585609693, -0.0012646872252611992, 0.03519549270379666, -0.005854922279658487, 0.0018843588235127687, 0.010038996088204771, 0.006074789651914067, 0.05201603016363976, 0.0033116702629314323, 0.0038244413885011415, -0.0016892672341900982, 0.0010077935940936862, 0.013517774425095195, 0.052653270623946195, 0.00039122672015837884, 0.0018396571579863826, -0.0008888941237351067, 0.01146106927002779, -0.009355223120778522, 0.03226389314048495, -0.012917483476263718, 0.011519614919039717, -0.004360413891553214, 0.06398703281956324, -0.0006371936293293361, 0.002037920085807398, 0.0026369444073031916, 0.019847239855442466, 0.0025381936722801575, 0.0009824371071748292, 0.027965686347557164, -0.00812092488979347, 0.023679474494304638, 0.06790203133879429, 0.024905019932503894, 0.0038432034620130328, 0.001601247911670323, -0.0008180695289260677, 0.007350088082958808, -0.0010241772790438248, 0.002822987916268716, -0.0046518596036381355, 0.0032569488080713034, -0.002675954263955713, 0.08219631541523273, 0.0005984398954706495, 0.008245281335953925, -0.00259855126032555, 0.005378349928212248, 0.0005843971304931926, 0.0043537834073093095, 0.0014421881627565344, 0.002739236436721417, 0.0005667563049535292, 0.00285559803135158, 0.002855596002335651, 0.0005667577527788273, 0.0027392444269838338, 0.0014421924808457527, 0.00435378889650029, 0.0005843921479914917, 0.005378348085336809, -0.0025985421572725363, 0.008245270097373613, 0.0005984337120941772, 0.08219629582540439, -0.002675960551816884, 0.0032569449468375896, -0.004651866768734728, 0.0028229939332004607, -0.0010241744012761777, 0.007350140160686795, -0.0008180428240717943, 0.0016012633960070892, 0.0038431973542866764, 0.02490500698515967, 0.06790200092569293, 0.023679481755232906, -0.008120897270226603, 0.0279656985547373, 0.000982435731971916, 0.00253819422978366, 0.019847282093230348, 0.00263695543198145, 0.0020379253900567745, -0.0006371936038390595, 0.06398697480780774, -0.004360416104779389, 0.01151961121786026, -0.012917458824100047, 0.032263929505416636, -0.009355220002516275, 0.011461087891660903, -0.0008888897391276383, 0.0018396574421846717, 0.00039123156478172445, 0.05265325157139568, 0.01351776589135956, 0.0010077893564247253, -0.0016892483640926215, 0.0038244409751268756, 0.0033116699284428033, 0.05201604928006087, 0.006074791880777357, 0.010038996414225126, 0.0018843396623469833, -0.00585490676485589, 0.0351954808586622, -0.0012647009381197992, 0.003164324417594897, 0.003954084064229896, 0.0017603264642636544, 0.0026477689297372685, 0.092896285436148, -0.010603021977104488, 0.04023181430765917, -0.010603017262192906, 0.09289629344057936, 0.002647768057123527, 0.0017603271344842626, 0.0039540697634514645, 0.000390273435055661, -0.0014200320607853484, 0.0033287340695236137, -0.002699192241975009, 0.000925861720715455, -0.00030082852193314406, 0.0028524436634791016, 0.008137474852452089, -0.0008056036799165614, 0.0010662197578077473, -0.0003020607292065303, 0.0006459663944464317, 0.0008902400495128146, 0.0057041175903786105, -0.0015402931520113114, 0.00035096668791896493, 0.0013326384708194218, 0.002041291907928268, -0.005212219680752071, 0.0022901637033910954, -0.0037895671964588294, 0.0007787492018071136, -0.004034464802654041, 0.00798401128085672, -0.0014835713654305432, 0.0005062687201213474, 0.001708124408395532, 0.0029163812308178093, -0.00017673756514593455, 0.0003934932112397333, 0.0023190099165021506, -0.005487056266958791, 0.001629300522130354, 0.009646445130171545, 0.008115045415962526, 0.0004516945218449364, 0.0002743679799692721, 0.0002007968705435158, 0.0008831327608167369, -0.0007136939913547453, 0.0002441552357516306, -0.0019247672967155735, 0.0006880483135322758, -0.0036724554929241124, 0.009355093497318475, -0.0011736088588271388, 0.0007034998060772901, -0.0010255825513457461, 0.0007298778808880423, -3.684973574461075e-5, 0.0005014004089156485, -0.00042720676494743825, -0.0002730072137086783, 0.0006279439357573711, -0.0011459631700458193, -0.0011459690768068425, 0.0006279390531841734, -0.0002730030200732606, -0.00042720456256527885, 0.000501398487533157, -3.686228722524187e-5, 0.0007298806926464985, -0.0010255855288063102, 0.000703498680792711, -0.0011736036974915626, 0.009355091631902486, -0.0036724620651863594, 0.000688052083097313, -0.0019247617565811231, 0.00024415770088267893, -0.0007136967854575562, 0.0008831417682992211, 0.00020080453785901737, 0.00027436758875545696, 0.00045169167572429645, 0.008115040983708913, 0.009646435486099943, 0.001629307366818661, -0.005487023397859702, 0.002319021263626529, 0.0003934842060198153, -0.00017673054346371543, 0.0029163903308149154, 0.0017081337550523682, 0.0005062732775313023, -0.0014835671368608686, 0.007984006393441946, -0.004034462338464466, 0.0007787544719575166, -0.00378955379905659, 0.002290170088519817, -0.005212220187141286, 0.0020412956948606324, 0.0013326334408417405, 0.00035096285386895684, -0.0015402776650968828, 0.005704118072497703, 0.0008902417490985481, 0.0006459526218679419, -0.000302038405890655, 0.0010662253690700621, -0.000805602076477221, 0.008137488101440602, 0.002852446045851432, -0.0003008312466503602, 0.0009258606835720426, -0.002699186846391417, 0.00332873283147742, -0.001420063981906718, 0.00039027568252391357, 0.0010310738532983527, 0.0002780014709757026, -9.029377666188496e-5, 0.011448440836890839, -0.0073553163541827385, 0.0026859486656806144, -0.0073553101540906555, 0.011448445757454795, -9.02973273095542e-5, 0.000277998373933235, 0.0010310644585943395, 0.0004661914539576499, 0.000121380436496397, 0.0034945638746301765, 0.0004065685999646224, -2.254819256315851e-5, 0.0018827476742186236, 0.002504085257051602, 0.0060300259034429425, 0.0008782520568679906, 0.00015881975175005257, -0.00012043290128513812, 5.768114650144233e-6, 0.001954361836508589, 0.005043729311620275, 0.0004086440267300674, 0.00019361721769153547, 0.00015378051993650645, 3.229398171947177e-5, -0.00010487921080852504, 0.0036784051952157074, -0.0004584549575218236, 0.0017943415963826666, 0.0004381368525717252, 0.005382097744420486, 0.0003717390759822021, -0.00010809599303478017, 0.00042440111471006223, 0.0017043378657595433, 0.00038991951119799525, -2.244007327095611e-5, 0.0028492853439499007, -0.0005017526115056691, 0.0016871373830499743, 0.007550556112906098, 0.004096469898670463, 0.0004207589101978874, 0.0001821992923820081, 6.2881092154932e-5, 0.0007404167732671277, -1.3490429720395994e-5, 0.00028225939483019326, -0.00028829866271824734, 0.00013281233899633797, 0.0005789033753226193, 0.006495485334742171, 0.0006443153686096246, 0.0008985383754124825, -5.9215949286940445e-5, 0.0006266684792994516, 0.00012178026393461542, 0.0005844373275262138, 0.00023809234485867772, 0.0003665017307759777, -9.448445210936955e-5, 0.0008058940556859696, 0.0008058945014459311, -9.448221886155786e-5, 0.0003665051387610191, 0.00023809912088032384, 0.0005844211634659347, 0.00012178254513010837, 0.0006266859130415964, -5.922459465593585e-5, 0.0008985263618414402, 0.0006443128382331561, 0.006495475218888109, 0.0005789042410413713, 0.00013280736772616625, -0.0002882863632697238, 0.0002822625577971877, -1.3487811343007605e-5, 0.0007404623777626156, 6.28738369110246e-5, 0.00018218566288392518, 0.0004207670209584919, 0.004096468763347763, 0.007550550248134195, 0.0016871946880683449, -0.0005017268492604971, 0.0028492915691162917, -2.2453730593987513e-5, 0.0003899230587606818, 0.0017043684814797694, 0.0004243962816495898, -0.00010808494450170524, 0.0003717382582808382, 0.0053821020942693264, 0.00043814294674307124, 0.0017943516502340715, -0.0004584247907426344, 0.0036784640996004986, -0.00010487531249402716, 3.2302827612131716e-5, 0.00015377612237237937, 0.0001936136058873869, 0.00040864872212780477, 0.005043763562235399, 0.001954372259750807, 5.755068626702182e-6, -0.00012043048736904718, 0.0001588183465879796, 0.0008782595638600562, 0.0060300743823102285, 0.0025041051474750577, 0.0018827463201905239, -2.2545410675792115e-5, 0.00040657719888260416, 0.003494611162184448, 0.00012137855059287858, 0.00046619596770852896, 0.0003641063541775564, 9.659742827206755e-5, 0.00041443576152349595, 0.008333827303086256, 5.174497094751157e-5, 0.004460503255089466, 5.1739637368932996e-5, 0.008333830682804397, 0.00041444110589943233, 9.659183658189443e-5, 0.0003641084756073077, 0.000419200864627379, -0.0011766911853257041, 0.002976108786606358, -0.0012905536239952208, 0.00018395563384020197, -0.00018592755190790415, -0.00109932346300872, 0.001942915620716728, -0.000123838454176302, 0.0005213995243066339, -0.0017511063412503688, 4.789900626945198e-5, 0.0002163459518944831, 0.003846832782065525, -0.0008143160395173129, 0.0001713407758709741, -0.00035363545374076776, 0.0008352569663119982, -0.0010079326774783347, 0.0011588440626925565, -0.004101837793661749, 0.0001887358985076501, -0.0008026607254063327, 0.0029092673969560103, -0.0005292514880819001, 0.0005075316591186176, -0.0005103055453643535, 0.0012291449085414553, -5.5131527983378844e-5, 3.326097383172101e-5, 0.0005534549320113406, -0.0034489664585732466, 0.0011951665433418824, 0.0036925046342364295, 0.0015743976247220178, 9.992727610646997e-5, 4.31381451837259e-5, -0.0010994943106071194, 0.0006102870448848503, -0.0004220761415492224, 0.00023224433709781748, -0.001907952134785262, 0.0003167207078990991, -0.000878879823419969, 0.00400091234692389, -0.00041932079531218193, 0.0004588166095018677, -0.0007028257350567913, 0.0003906969014039162, -4.8913361117032365e-5, 0.00023497947257696775, -0.0007172856377558232, -0.000511314317657121, 4.3179519089299445e-5, -0.0004063519422460492, -0.00040635464463176577, 4.3182705386825455e-5, -0.0005112646040149123, -0.000717193635622046, 0.0002349942218034841, -4.892642706617974e-5, 0.00039072216828501735, -0.0007028817569684799, 0.00045882302547112447, -0.00041932123607519125, 0.004000895677269174, -0.0008788869654923091, 0.00031672351002778344, -0.0019078863672810573, 0.00023224580076803636, -0.00042207622470754073, 0.0006103331328353764, -0.0010996130989675236, 4.313505036479645e-5, 9.991772682597802e-5, 0.0015743935684840028, 0.0036924707567506593, 0.001195203744663367, -0.0034488891314362717, 0.000553474945974231, 3.326439941972459e-5, -5.5131830949984206e-5, 0.0012291984154570793, -0.0005103845738936141, 0.0005075434709294834, -0.0005292574046988789, 0.0029092711541437444, -0.0008026758790365514, 0.00018875005394353227, -0.004101740528901887, 0.0011588810430293933, -0.0010079372442190872, 0.0008352432615838424, -0.0003536881799449462, 0.00017134376797065583, -0.0008143391106005668, 0.0038469502902113567, 0.00021637093197284917, 4.788563298758672e-5, -0.0017511061913000857, 0.0005213961522195149, -0.00012383926272584655, 0.0019429681442361818, -0.0010993026320046478, -0.00018592953312929726, 0.00018395933169123273, -0.0012905736374273493, 0.002976213836363527, -0.0011767251550882359, 0.0004192121803670788, -0.0005918604576980754, 6.824417954903371e-5, -0.00016309129590225601, 0.004381247433783457, -0.0017023367147896888, 0.0019559811054067904, -0.0017023492730136962, 0.004381246207337857, -0.0001630891006674281, 6.824380329266462e-5, -0.0005918549240660135, -5.03212733388202e-7, -0.0010979153471320038, 0.00072054168963568, -0.001404745072844842, 1.789367117053549e-5, -0.00023728276890062645, -0.0005533289361274686, 0.0003169007936771988, -2.5700652830803848e-5, -2.2189320973267374e-5, -0.0017764986192922126, 3.542086794817282e-5, -0.00070489167956883, 0.0006933829338847449, -0.0013467961236451245, -8.631819213619297e-5, -0.0001403593152044312, 0.00026193383683718993, -0.0004681192750248945, -0.0002020889947914207, -0.003028027231527038, -0.00040166387911875264, -0.00039982060442489236, 0.0006142517435631034, -9.887722238123195e-5, 4.18530547294483e-5, -0.0008947283190669786, 0.00011517689247442058, -0.00017790480046211326, -1.9086998063046305e-5, -0.0004354146924669276, -0.002512857391694841, 6.147028300568117e-5, 0.00085407539793903, 0.0004981098827192001, -3.982533583148887e-5, -5.727643858784593e-5, -0.0011994319942867093, 2.279150381906273e-5, -0.00020642351779589846, -2.550049185216823e-5, -0.0016864598136380419, -6.025685560691454e-5, -0.0004423189687651156, 0.0009242943074605253, -0.0005474324706581945, 4.0143540235577625e-5, -0.0004045930352525127, 4.263010255962051e-6, -7.386522579759671e-6, -0.00017853385216104565, -0.000986956764144837, -0.000863547038638301, -3.240555503375165e-5, -0.0002961022115134277, -0.0002961051242541086, -3.240400806122333e-5, -0.0008634959931393543, -0.0009868964082568252, -0.00017851953732203238, -7.399048361510571e-6, 4.264157505923694e-6, -0.00040463462929763794, 4.014097271731618e-5, -0.0005474387973058044, 0.0009242815409326914, -0.000442328724990962, -6.025616666873075e-5, -0.0016864027284395726, -2.5501923694847375e-5, -0.00020645053145168838, 2.27914305009323e-5, -0.0011995424305502843, -5.728133019623495e-5, -3.981949893421883e-5, 0.0004980927958383379, 0.0008540508314973321, 6.147445878589074e-5, -0.002512812004588163, -0.00043539432791806724, -1.9068787112074264e-5, -0.00017790822198459862, 0.00011517710889054258, -0.0008947966980555125, 4.1856324889913746e-5, -9.886903756553501e-5, 0.0006142546683457025, -0.0003998173751278093, -0.00040164749281395044, -0.0030279577372750582, -0.00020206117600204444, -0.0004681221255112562, 0.00026192881906174185, -0.00014037306911700949, -8.63205897703869e-5, -0.0013468270389928993, 0.00069341168022744, -0.0007049134676526225, 3.539759041206804e-5, -0.0017764849909673508, -2.218723388706836e-5, -2.569725170455391e-5, 0.0003169221032785772, -0.0005533220058495793, -0.00023729206792801077, 1.7895371884932344e-5, -0.0014048006065948198, 0.0007205775139284424, -0.0010979582310714005, -4.935522926421314e-7, -0.0012142041621174796, -0.0003406621709418629, -7.287473390435604e-5, 0.0009443338233298588, -0.0009881649980785635, 0.0002790472906423791, -0.0009881828342042428, 0.0009443307262452991, -7.288755621228911e-5, -0.00034067448074024255, -0.0012142046563148154, 0.00023374714752282032, -0.00012556028622342082, 0.0006784720214094565, -0.00017244599119392882, -2.779799261380493e-5, 0.00017411265174609373, 5.182341166178636e-5, 0.00045952885534493253, 4.4415676054998835e-5, 3.562319915771008e-5, -0.00037147434583782507, -4.708827500057679e-5, 8.873860353116817e-5, 0.0005413256686866907, -0.00021062640692218887, 9.094508708959968e-5, -6.0998571887490314e-5, 4.5809831845453855e-5, -6.677053764887265e-5, -2.255523713560765e-5, -0.0005882358422591178, 0.0001726177130104265, 3.9641410979568095e-5, 0.00047607236611270994, -1.8361476283595512e-5, 0.00014214513395014155, -0.00018243068885248105, -1.5484753513934045e-5, 8.885795178612931e-6, -3.629494422705074e-5, -3.859552877183989e-5, -0.00044536671693961357, 0.00026833647999119294, 0.0008663362742139745, 0.00040431139003440633, 3.352033898344742e-5, -9.80703187376526e-6, -0.0002575905775617877, 5.7603355831324947e-5, -3.961508346169958e-5, 0.000124294370705719, -0.0003800678233221971, 6.74614102709503e-5, 1.774252554272263e-5, 0.0008180755195995753, -6.786834726874365e-6, 0.00021879655085437768, -8.298025324219465e-5, -7.286906511750008e-8, -3.019545527885065e-5, 1.5734465768091924e-5, -0.000261873208698408, -0.0002251462126147425, -3.3157093918436235e-5, 5.555889328748298e-5, 5.555855832531632e-5, -3.315003614088429e-5, -0.00022513516487416413, -0.0002618601410639525, 1.574686116877605e-5, -3.01962650012339e-5, -7.970799753966116e-8, -8.299030546628675e-5, 0.00021879092696236652, -6.798354851596402e-6, 0.0008180645276249536, 1.7739712714040767e-5, 6.74580962643576e-5, -0.00038005169383067386, 0.00012429064709247736, -3.9619902848051916e-5, 5.762901497531798e-5, -0.0002576180117141794, -9.805036898188679e-6, 3.352069861298107e-5, 0.0004042969982206964, 0.0008663250955434114, 0.00026832148902222036, -0.00044535446334816335, -3.858681881165478e-5, -3.628927623830548e-5, 8.883685742739654e-6, -1.5512454039262456e-5, -0.0001824517394268252, 0.0001421566039995002, -1.836903821212559e-5, 0.00047604502932467076, 3.963634448767565e-5, 0.00017261318180076705, -0.0005882170503146258, -2.2493405288681904e-5, -6.675991609798694e-5, 4.580508446952266e-5, -6.100923781597485e-5, 9.095009218936846e-5, -0.000210634957338726, 0.000541338477796526, 8.8725268111783e-5, -4.710314164364237e-5, -0.00037147046451590734, 3.5630572943422885e-5, 4.442106122552706e-5, 0.0004595563552481025, 5.182906227806821e-5, 0.0001741136355902413, -2.7797298146479624e-5, -0.0001724530412003239, 0.0006785038494060416, -0.00012555661207169528, 0.0002337510109358484, -0.0004943528757702835, -6.514765150042249e-6, -2.1220234541252322e-5, 0.0008719347756423552, -4.7827945153834444e-5, 0.0007997822414414128, -4.783001798562878e-5, 0.0008719229326906281, -2.1224005295681562e-5, -6.51590950660321e-6, -0.0004943528212758277, -5.121475773004619e-7, -0.001097939217604588, 0.0007205059020349916, -0.0014046891902826427, 1.789608942395768e-5, -0.00023727410763256865, -0.0005533139883945239, 0.0003169061510352201, -2.5693715938664174e-5, -2.2191312684082367e-5, -0.0017765101155707737, 3.5430299637754216e-5, -0.000704863030963621, 0.0006933438095015924, -0.001346775455044127, -8.630934924220733e-5, -0.0001403614309309361, 0.0002619294673561963, -0.00046811294328867354, -0.00020208890003872368, -0.003028087275666412, -0.0004016674810856276, -0.0003998219583253836, 0.0006142558689235535, -9.887816101230987e-5, 4.1865551107375535e-5, -0.0008946385237896173, 0.00011520542472158012, -0.00017790153789489267, -1.90712114304554e-5, -0.0004354242610945906, -0.0025129118050050657, 6.146433392708369e-5, 0.0008540563116825263, 0.0004981126877320986, -3.9821793478139175e-5, -5.727142640916423e-5, -0.001199347562033085, 2.280745725217765e-5, -0.00020641491219663532, -2.5498281418404034e-5, -0.0016864524891320627, -6.025969794765259e-5, -0.0004423217192573799, 0.000924290401673086, -0.0005474235535685458, 4.015468088361987e-5, -0.00040458483200863553, 4.272028937124875e-6, -7.387562996514672e-6, -0.00017852585971569535, -0.000986920993803004, -0.0008635329543230652, -3.239937343461582e-5, -0.00029611011844015345, -0.00029610551322673115, -3.240293325146903e-5, -0.0008635069963616468, -0.0009869019333047183, -0.00017851608677755772, -7.3940546492645625e-6, 4.275989740541811e-6, -0.0004046052027109079, 4.014658469508154e-5, -0.0005474424070146347, 0.0009242849919072128, -0.0004423269460123233, -6.0254273406403673e-5, -0.0016864064391559422, -2.549805668941818e-5, -0.00020642716770298357, 2.2777101017302463e-5, -0.0011995155969414069, -5.727517657284339e-5, -3.9825092332730606e-5, 0.0004980976719370011, 0.0008540558112960012, 6.147118287413468e-5, -0.002512827214799642, -0.00043540408595886017, -1.9074264853265513e-5, -0.00017790253586071644, 0.00011514624190514392, -0.0008947942436661558, 4.1855391757928206e-5, -9.887151152167479e-5, 0.0006142550830412932, -0.0003998208800794262, -0.00040165578446224376, -0.0030280117264400892, -0.00020207870544561887, -0.00046811586899254276, 0.00026192386018674324, -0.00014036414715549759, -8.631735566881003e-5, -0.0013467902759836583, 0.0006933979091412151, -0.0007048955716091572, 3.540053441196171e-5, -0.0017764883322528256, -2.2187037677255314e-5, -2.5696452164629272e-5, 0.00031691021475601115, -0.0005533230793016196, -0.00023728539483741185, 1.789375839699146e-5, -0.0014047607326950979, 0.0007205523875644894, -0.0010979440949951463, -5.040446585003887e-7, -0.0012141844196888862, -0.00034064822054617424, -7.288118562400454e-5, 0.0009443287651836629, -0.000988167473091554, 0.00027904342854991195, -0.0009881608468731975, 0.0009443343337627007, -7.287963051522334e-5, -0.00034065952620348323, -0.0012141826251670877, 0.0004191822572831626, -0.0011766941011482784, 0.0029760029671397313, -0.0012905262979237457, 0.00018395632542415186, -0.00018592270580398672, -0.0010992963761536096, 0.0019429401549395336, -0.00012383730011682192, 0.0005214055514003581, -0.001751109108416471, 4.789037569285273e-5, 0.00021633283181380085, 0.003846684036523473, -0.0008143318062083134, 0.00017133356389474738, -0.0003536272068067148, 0.0008352356841633565, -0.0010079262835001948, 0.0011588426302279482, -0.004101927248306325, 0.00018873488300971382, -0.0008026682549043862, 0.0029092423455163987, -0.0005292425643469228, 0.0005075229696449659, -0.0005102246526789544, 0.0012291661093770901, -5.512694285341774e-5, 3.3266796892322424e-5, 0.0005534432387639641, -0.003449045348096671, 0.0011951808074996332, 0.003692454860184662, 0.0015744018403915448, 9.992618284042663e-5, 4.31424227132795e-5, -0.001099411315069061, 0.0006102954074978654, -0.0004220610143859702, 0.0002322358725401442, -0.001907963744812025, 0.00031672338829711336, -0.0008788905631750485, 0.00400089784455073, -0.00041930083768199414, 0.00045882478415324194, -0.0007028350716839218, 0.00039069180831491986, -4.891972539376743e-5, 0.00023498439875137365, -0.0007172542900359081, -0.0005113103079032876, 4.3177714162707145e-5, -0.00040635322127595885, -0.0004063540347828575, 4.318510866764967e-5, -0.0005112971619575033, -0.0007172294015055742, 0.00023499104175119054, -4.891521251648804e-5, 0.00039072178526765745, -0.000702844824735885, 0.00045882596095468654, -0.00041932097738121583, 0.004000905996226148, -0.0008788860218739952, 0.00031672102883854836, -0.0019079087083545346, 0.00023224122572041523, -0.00042207811438059266, 0.0006102665603605092, -0.0010996278794939878, 4.3136311730012736e-5, 9.992759894310186e-5, 0.0015743871595717415, 0.0036924827572842388, 0.001195188719311874, -0.003448944976834489, 0.0005534510956578388, 3.326454515961805e-5, -5.512783588327593e-5, 0.0012291053620611487, -0.0005103982398654296, 0.0005075291808154976, -0.0005292538147385162, 0.0029092868059487987, -0.0008026684853577084, 0.00018874024907424822, -0.004101830123013742, 0.0011588437696316144, -0.001007935331547443, 0.0008352384333477326, -0.00035365597070830066, 0.0001713358107161761, -0.0008143228319596693, 0.0038468583283954583, 0.00021635451817146817, 4.787842047586507e-5, -0.0017510874221006965, 0.0005214005015103736, -0.00012383608003153164, 0.0019429243390114929, -0.0010993282130346803, -0.00018593023727407382, 0.00018395712682058125, -0.0012905556060814585, 0.00297613673105988, -0.0011767057151550638, 0.0004191913413440617, -0.0005918551562280223, 6.824421785225367e-5, -0.00016308319590789983, 0.004381209796562813, -0.0017023411276805866, 0.001955962181914311, -0.001702318370046128, 0.004381234614056407, -0.00016309261935438754, 6.824111250672618e-5, -0.0005918461667759334, 0.0004661846915651912, 0.00012137174865675118, 0.0034945273754878373, 0.00040657325794524825, -2.2543918778147785e-5, 0.001882739949579391, 0.0025040821724601745, 0.006030029830000912, 0.0008782567276715431, 0.00015882279657278807, -0.00012043188678947762, 5.7664579843086925e-6, 0.0019543439943865474, 0.005043647513987111, 0.0004086294293914705, 0.0001936164435174898, 0.00015378091172560908, 3.229043461886553e-5, -0.00010488380846941311, 0.0036784112612361676, -0.0004584645315685292, 0.001794355606354191, 0.00043813832080155944, 0.005382078157178937, 0.00037174179481097694, -0.00010809286351358221, 0.0004244089606792478, 0.0017043249133978948, 0.0003899168269217214, -2.244905677114764e-5, 0.002849281978598644, -0.000501757705421978, 0.0016871859302316117, 0.00755053308247825, 0.004096462983223698, 0.00042076125664645324, 0.00018219303337078008, 6.289598789755791e-5, 0.0007404123163895198, -1.3493993073714788e-5, 0.0002822595776087697, -0.0002883033770163096, 0.00013280958029947705, 0.0005789012995436117, 0.006495470929686892, 0.0006443163998727855, 0.0008985182727947697, -5.9222425858571385e-5, 0.0006266827723746531, 0.00012177976457088623, 0.0005844269781584868, 0.00023809938015091788, 0.0003665036286216087, -9.448326402975072e-5, 0.0008058951906933862, 0.0008058924325159523, -9.447738681234356e-5, 0.00036650452787544054, 0.0002381054972841511, 0.0005844332234368878, 0.00012178371487585806, 0.0006266861119673991, -5.9222813740730286e-5, 0.0008985270380997245, 0.0006443142260979325, 0.006495476039689996, 0.0005789059749235243, 0.00013280627598994673, -0.0002882928330274878, 0.0002822598260569004, -1.3494603873989987e-5, 0.0007404235917860759, 6.28586256223604e-5, 0.00018219497432981482, 0.00042076242127182285, 0.004096468385018651, 0.0075505623832516884, 0.0016871709900056226, -0.000501742359818534, 0.0028492914013036794, -2.245085768662891e-5, 0.00038991938426266234, 0.0017043328806691546, 0.00042438210685718093, -0.00010809043736024015, 0.000371744917297331, 0.005382113645243879, 0.00043814253494653356, 0.0017943566403780594, -0.0004584441428699378, 0.0036784363088575253, -0.00010487846919820371, 3.2303929838919856e-5, 0.000153779571686838, 0.00019361539110584734, 0.0004086441699752935, 0.005043735930795185, 0.0019543764839537133, 5.7622007960649255e-6, -0.00012043195610648939, 0.00015882094750626269, 0.0008782568128903236, 0.006030022906373576, 0.0025040793971532185, 0.0018827411291440592, -2.2545340313817693e-5, 0.00040656446436045926, 0.0034945631134219958, 0.00012137407445532357, 0.00046618589124410134, 0.0003641099905645341, 9.65992469983912e-5, 0.0004144297610643491, 0.008333800318002498, 5.174093330943111e-5, 0.0044604792913694544, 5.1742586884783305e-5, 0.008333799683962815, 0.000414431512675747, 9.659438042465427e-5, 0.00036412095818847247, 0.0003902680620566325, -0.0014200346470616557, 0.0033287257435893696, -0.002699196284525724, 0.0009258510089158261, -0.00030082863055406014, 0.0028524384127546825, 0.008137480884089008, -0.0008055971082269045, 0.001066224302136381, -0.0003020491695892528, 0.0006459663820944858, 0.0008902402502882424, 0.0057041098908430414, -0.0015402854167935291, 0.00035096596960783625, 0.0013326339554047073, 0.002041290008166728, -0.005212222715933043, 0.002290158653825574, -0.003789563263165467, 0.0007787508970260554, -0.0040344597158426705, 0.007984008804795542, -0.001483563836730164, 0.0005062686431029338, 0.001708128721279784, 0.002916376722325763, -0.00017673361966736464, 0.0003934731752504406, 0.002319004089837186, -0.005487064001865644, 0.0016293060846092064, 0.009646437908563643, 0.008115037053892717, 0.0004516995806328665, 0.00027436754905843085, 0.000200795837292263, 0.0008831348046873994, -0.0007136943882241453, 0.00024415183353391974, -0.0019247850960236275, 0.0006880466241481625, -0.0036724636324365705, 0.009355092731178521, -0.0011736033695685757, 0.0007034983104093658, -0.0010255858669178655, 0.0007298770310436331, -3.684775557610003e-5, 0.0005013965955954105, -0.0004272075899540729, -0.0002730144491712613, 0.0006279461838076749, -0.0011459726867331156, -0.0011459619373947044, 0.0006279439056577097, -0.000273000279839666, -0.00042719447074873794, 0.0005014027210312696, -3.685131609854098e-5, 0.000729881010142, -0.0010255835161456256, 0.0007034944256811589, -0.0011736051464875487, 0.009355092779281409, -0.003672454849905357, 0.0006880502611070725, -0.001924770904340994, 0.00024415767710814565, -0.0007136926085538548, 0.0008831393376779878, 0.00020080045874423802, 0.00027436971880349904, 0.0004516938793768579, 0.008115047841979792, 0.009646438862697958, 0.0016293093502032703, -0.005487037309701492, 0.002319015892121408, 0.00039348978898405356, -0.00017673734055842957, 0.00291638098305948, 0.001708116525057938, 0.0005062686576834351, -0.001483564890118914, 0.007984008464827429, -0.004034462163717719, 0.0007787543483348317, -0.003789552673138195, 0.002290170173249018, -0.005212222046746805, 0.002041293713163984, 0.001332633052866782, 0.0003509657011458068, -0.001540282897063825, 0.0057041201184326856, 0.0008902434502678395, 0.0006459522364786498, -0.0003020388424262463, 0.0010662239002987768, -0.000805605110328081, 0.008137479440113204, 0.0028524405468900588, -0.0003008308630203788, 0.0009258619918206533, -0.002699193656413108, 0.003328728514969949, -0.0014200433615887723, 0.0003902667845323129, 0.001031065508754103, 0.00027800054782591694, -9.029765240589101e-5, 0.011448438495254381, -0.007355310264007006, 0.0026859454610388667, -0.007355315838858491, 0.011448442038283473, -9.029495997673877e-5, 0.00027800228983734115, 0.0010310652209430497, 0.0031643228988079714, -0.0012646884977637655, 0.03519549474630409, -0.005854916097689519, 0.0018843246219631276, 0.010038997443853824, 0.006074785904485841, 0.052016035411603004, 0.0033116663925944825, 0.0038244450206777678, -0.0016892620416434241, 0.0010077936920809794, 0.013517772677893586, 0.05265328236631128, 0.00039122892809289136, 0.0018396556897919978, -0.0008888971078613595, 0.01146107640044066, -0.009355221847451956, 0.03226390007438792, -0.012917484830986422, 0.011519614264373632, -0.004360416209985521, 0.06398702908410533, -0.0006371896819836163, 0.002037923038847144, 0.002636945823903095, 0.019847232773512774, 0.0025381865361821473, 0.0009824247027703144, 0.027965682098595845, -0.008120927390627414, 0.023679476179067564, 0.06790202792949615, 0.02490501701709444, 0.0038431921554309616, 0.001601259075123482, -0.0008180734910659192, 0.007350088374671184, -0.0010241800749019418, 0.0028229891929467746, -0.004651858174106216, 0.00325694163977068, -0.0026759541285789577, 0.08219632046251338, 0.0005984413404576182, 0.008245285966184818, -0.0025985391390115136, 0.005378350703419374, 0.0005843969039520301, 0.004353786496478612, 0.0014421969532300099, 0.0027392376068516838, 0.000566743484725358, 0.0028555994150528882, 0.0028555981020940823, 0.0005667499413046758, 0.0027392508483138605, 0.001442215057451382, 0.004353799281566732, 0.0005843986148097762, 0.005378343011384918, -0.002598543362748978, 0.008245273987086651, 0.0005984345729054506, 0.08219629266583821, -0.002675962364240391, 0.0032569415038299224, -0.004651863724478834, 0.0028229932394893686, -0.001024176922739922, 0.00735013556703365, -0.0008180471944019257, 0.0016012578706179515, 0.0038432036788635295, 0.024905016123212345, 0.06790200501853343, 0.023679480149225184, -0.008120898279703016, 0.02796569528347985, 0.000982437373069786, 0.0025381956223549567, 0.019847272124752922, 0.0026369535714085308, 0.0020379266453457896, -0.0006371909805585688, 0.06398697926121866, -0.004360421480714971, 0.011519612406389372, -0.012917452370380732, 0.03226393572343192, -0.009355218204535066, 0.01146108600995016, -0.0008888913876372635, 0.0018396587052126152, 0.0003912229277068819, 0.05265325629379787, 0.013517769082828309, 0.0010077836427412844, -0.0016892485277008827, 0.003824447598162037, 0.0033116684670606066, 0.052016040508178964, 0.006074790689447305, 0.010038997758957205, 0.0018843459766718755, -0.005854908316094337, 0.03519547926636278, -0.0012646931078318852, 0.0031643273931950943, 0.003954073551468763, 0.0017603237109101346, 0.0026477666355043915, 0.09289628414412186, -0.010603028049832227, 0.04023180502359072, -0.010603024870252718, 0.09289628963350684, 0.0026477665289277286, 0.0017603212397290509, 0.003954058807768876, 0.0011931546621500178, 0.0007840188889122596, -0.009101057255620758, 0.00735970747736677, 0.0040108880659221685, -0.009008460436056374, 0.007959006766680186, -0.006380479753379123, -0.0011653840704004335, -0.0015599708076170626, 0.0011931617662930695, -0.0015599721962818672, 0.006642939112319358, 0.008550136827299513, 0.008772565803894985, -0.0006717888466606344, -0.0015352823243168009, 0.008530319166385029, 0.004205550924016466, -0.00943366583689975, 0.006642947893354472, 0.0007840236164133746, -0.0011653876860920924, -0.009433667565399944, -0.006799868067473154, 0.0037759983237755125, 0.0018831659677142707, 0.0006817471429132599, -0.0038383728621750298, 0.0006843895482648971, -0.00679986812610156, 0.008550151936626015, -0.009101064658671332, -0.006380485750450034, 0.0042055465771842215, 0.0006843925720112208, -0.001521358120750615, 0.001524255988801374, 0.001545359184792672, 0.000706659616431993, -0.001521362696578051, 0.003776004570841372, 0.008772582224935951, 0.007359711559359926, 0.007959008937765312, 0.008530335756610625, -0.0038383774880728022, 0.0007066631960316958, 0.001587624691618408, -0.0022046260925978646, 0.001587620333321086, 0.0015242453128933035, 0.0018831665881266816, -0.0006717890804492971, 0.004010872033129383, -0.009008462454024146, -0.0015352747022929596, 0.0006817452940490688, 0.0015453639906075236, -0.0022046311594131314, -0.0004838884452484232, -0.0022046310617432757, 0.0015453614816205268, 0.0006817390875580396, -0.0015352786918335507, -0.009008461768080941, 0.00401088058107116, -0.0006717904196946532, 0.0018831659657392282, 0.0015242492198249994, 0.0015876201887394586, -0.002204636920875984, 0.0015876191591827683, 0.0007066665061425839, -0.0038383698252460402, 0.008530329169180492, 0.007959003293287433, 0.007359724607176876, 0.008772567250604258, 0.003776003374893546, -0.0015213663070915509, 0.0007066607793927663, 0.0015453635253314577, 0.0015242501601303148, -0.0015213598156033723, 0.0006843865381625377, 0.004205545411090827, -0.006380479058593964, -0.009101061406363384, 0.00855013933764507, -0.006799865195657217, 0.0006843884902763958, -0.0038383786748372724, 0.0006817439951394779, 0.0018831622117553518, 0.0037759986425603695, -0.006799862663505977, -0.009433661977128574, -0.0011653807352379772, 0.0007840142419794516, 0.0066429449044343065, -0.009433670645714199, 0.004205546582212827, 0.008530332598451946, -0.0015352768394297001, -0.0006717916949429672, 0.008772547957055933, 0.008550128564510675, 0.006642944226976184, -0.0015599732020129382, 0.0011931481854340312, -0.0015599731099619491, -0.0011653870229374227, -0.0063804820309052955, 0.007959018327638567, -0.00900846397520027, 0.004010886864465657, 0.0073596989436479875, -0.009101056882295138, 0.0007840289098250485, 0.0011931589127025808, -0.0005351452688633073, -0.000665260878180513, -0.003009754642985106, -0.0031765494862140645, -0.0019222779419706068, -0.003826133817017344, -0.005150394131889164, -0.006324320444613787, -0.0014469096029885809, -0.0007961870318829133, -0.0005351474738261405, -0.0007961859309852869, -0.0017906988232963264, -0.001928780124796737, -0.0013491912209686295, -0.0006239056158038618, -0.0020637282431673347, -0.004451815584852335, -0.004971880995539724, -0.003378730125997881, -0.0017906990744970413, -0.0006652603140934728, -0.001446915026496281, -0.0033787500348561655, -0.0025604382973510808, -0.0009195541324631404, -0.0005543793843188383, -0.0009532592125365345, -0.0013910686775971133, -0.0010401848513405681, -0.0025604286762059307, -0.0019287814090119533, -0.0030097383621669953, -0.006324327739620115, -0.004971883051253464, -0.0010401904375383912, -0.0005923304376072522, -0.0005237911225742476, -0.0007897531881712653, -0.00042263970956333977, -0.0005923306388586839, -0.0009195482464094851, -0.0013491911682678597, -0.0031765501216647453, -0.0051503971686660405, -0.004451818504172056, -0.0013910671879791745, -0.0004226415468302143, -0.0005192376763220772, -0.0008034010917953731, -0.0005192382620999765, -0.0005237888862820255, -0.0005543756689581521, -0.0006239064119850223, -0.0019222859984741943, -0.003826128035151956, -0.0020637303698494394, -0.0009532578191911392, -0.000789759964154837, -0.0008033997691208648, -0.0002429838508795895, -0.0008034098819004385, -0.0007897556269422581, -0.0009532557732875149, -0.002063724315283509, -0.003826130095536997, -0.0019222816753520617, -0.000623907170320659, -0.0005543799589688189, -0.0005237889737395882, -0.0005192392261358751, -0.0008034180314498567, -0.0005192369400749599, -0.00042263530562999194, -0.0013910700315928229, -0.004451814892192457, -0.005150391906326894, -0.0031765438198474976, -0.001349197912105515, -0.0009195523697953662, -0.0005923295048420532, -0.0004226406784236872, -0.0007897570339579507, -0.0005237851694681373, -0.0005923332657729808, -0.0010401902750690158, -0.004971879301206109, -0.006324326911657161, -0.0030097472879497007, -0.0019287973201557586, -0.0025604301486168175, -0.0010401896565773129, -0.0013910729362128955, -0.00095325519087813, -0.0005543807243486666, -0.000919550817990455, -0.002560433608735698, -0.0033787493738734685, -0.0014469155931089224, -0.0006652691983124879, -0.0017907051642316722, -0.003378739043706243, -0.0049718837570956334, -0.004451821075209431, -0.0020637251713764423, -0.0006239083669340264, -0.001349190964239297, -0.0019287622497382606, -0.0017906860472432068, -0.0007961899261552907, -0.0005351462323979587, -0.0007961904043599151, -0.001446918232595027, -0.006324323551571637, -0.005150404379769924, -0.0038261317325222525, -0.0019222796323662928, -0.003176551499776667, -0.0030097548635442156, -0.0006652604665422681, -0.0005351439126387624, -0.00096963936405471, -0.0006383733232345539, -0.004541941457840809, -0.00406153414582391, -0.0010616690147997646, -0.005858856997150545, -0.00544500365032378, -0.00781413879690743, -0.0007925510227310206, -0.0009165474362598291, -0.0009696342651593299, -0.0009165519951252123, -0.0014187053701976687, -0.003912678823022753, -0.000891487721122786, -0.0005688553429277595, -0.0008405464688748535, -0.0028903051976031974, -0.004767473810950262, -0.004902210556623867, -0.0014186865587001041, -0.000638365128026131, -0.0007925489158428151, -0.004902247351507685, -0.004931734670801151, -0.001438051352610349, -0.0004123417467250213, -0.0014610478326022671, -0.00170937860981257, -0.0005811947112336526, -0.004931673018554084, -0.003912597883184597, -0.004541873699972188, -0.007814135672130624, -0.004767492041248773, -0.0005811999752186785, -0.0007356709751804502, -0.0005029046653247625, -0.0012577217405321012, -0.0002653163127174199, -0.0007356739852552341, -0.0014380451500835552, -0.000891475982940005, -0.004061513619313134, -0.005445007532530327, -0.0028903030480670706, -0.0017093807434562323, -0.0002653106655455601, -0.0006745150158544754, -0.001211115457494727, -0.0006745445027350784, -0.000502929909205915, -0.00041234551714188877, -0.0005688555743175207, -0.0010616718581752261, -0.005858846936325101, -0.000840549218836718, -0.0014610263098896346, -0.0012577035671346728, -0.0012111178547237313, -0.0001698599669040331, -0.0012111564690435754, -0.0012577589474371304, -0.001461072668561316, -0.0008405476890813487, -0.0058588382108053505, -0.0010616686483759263, -0.0005688530712544379, -0.0004123430523335248, -0.0005029277396499977, -0.0006745571064496595, -0.001211182228133528, -0.0006745624416520422, -0.00026531880388315385, -0.001709385135448802, -0.002890297086109609, -0.005444983723573842, -0.004061527145083722, -0.0008914747661621636, -0.0014380367294221969, -0.0007356737266616031, -0.0002653221114342368, -0.0012577953591489373, -0.0005029380208808661, -0.0007356846510082084, -0.0005811978934990545, -0.004767499709924716, -0.00781413135958603, -0.004541896649795442, -0.003912550930541088, -0.004931654337888147, -0.0005811984670286888, -0.001709393006591039, -0.001461113624143557, -0.0004123476047101486, -0.001438068965194641, -0.004931759164386598, -0.00490223998747612, -0.0007925531711486508, -0.0006383818601516652, -0.001418685687617436, -0.004902244598082662, -0.004767505373936572, -0.0028902963778052984, -0.0008405490662383779, -0.0005688538319731489, -0.0008914906828255048, -0.003912774012190619, -0.0014187258648169138, -0.0009165684871731049, -0.0009696417832580303, -0.0009165540418482733, -0.0007925567673399443, -0.007814157803957994, -0.005445003131371398, -0.005858854187764849, -0.0010616608561547633, -0.004061545457409452, -0.004541989891188765, -0.0006383731054786877, -0.000969664794738898, 0.003234868727263012, 0.0032657724408316005, 0.0007836520635909998, 0.002228117525752355, 0.001300373208472332, 0.0006921853698861344, 0.0023133016315396416, 0.0008417385373829603, 0.0004123976703295873, 0.0005144684929878484, 0.0032348314612905583, 0.000514468945914236, 0.00428113302316397, 0.0049382730631891344, 0.0041430295470175835, 0.00031894708785987734, 0.0008774876010215257, 0.002065433144175989, 0.0011934387838670312, 0.0005760550371701833, 0.004281007695531812, 0.0032657041540027415, 0.00041237957559829195, 0.0005760675212585394, 0.001422888738896495, 0.0029156223660677313, 0.0026656862936799627, 0.0012832921387179383, 0.00020205451664862028, 0.0005639739439352457, 0.0014228647723625743, 0.004938128188981417, 0.0007836289174904421, 0.0008417057079748492, 0.0011934257238633067, 0.0005639761210296775, 0.0003002967607463828, 0.0021909150683835296, 0.0014686008638594324, 0.0010961559979223105, 0.0003003048719172974, 0.002915599610206921, 0.004142931839746277, 0.0022280828704041417, 0.0023132677830545612, 0.002065400745139504, 0.0002020447911519536, 0.0010961072530188652, 0.0015119138713689043, 0.0003217865229360019, 0.001511979610564814, 0.0021909960945636527, 0.002665718525025833, 0.00031894390485098063, 0.0013003638584976754, 0.0006921779727199454, 0.0008774654028498828, 0.0012832769534395373, 0.0014685671189675707, 0.00032177083031241765, 0.00018871978178992182, 0.00032179834657401524, 0.0014686653895309189, 0.0012833374392010287, 0.000877494382917187, 0.0006921779030402407, 0.0013003712712414614, 0.00031893824212731684, 0.002665622428533288, 0.00219091283314227, 0.0015119649980171318, 0.0003217984502795273, 0.0015120497567677011, 0.0010961995514521716, 0.00020205375946539422, 0.00206541828027639, 0.0023132817682013813, 0.0022280928604131323, 0.004142884761272721, 0.0029155451298120173, 0.00030029994396414943, 0.001096186659928178, 0.0014687184454210355, 0.0021911248660009177, 0.00030032496912208405, 0.0005639914647662832, 0.0011934220642551845, 0.0008417186932163491, 0.0007836157594338271, 0.004938035848287579, 0.0014228381048840763, 0.0005639617961228144, 0.0002020596156884169, 0.001283416183998362, 0.002665886964752385, 0.0029157744636541527, 0.0014229613256574458, 0.0005760846304251187, 0.0004123826091296059, 0.003265680736965794, 0.0042809547572575865, 0.0005760440775644032, 0.00119340295402746, 0.002065417590444661, 0.000877544671891789, 0.00031896658089806637, 0.00414321463456073, 0.004938510239598865, 0.004281319856873099, 0.0005144788299789285, 0.0032348259672250503, 0.0005144577478919934, 0.00041237429050764145, 0.0008417058120093286, 0.0023132855340539616, 0.0006921956828404051, 0.0013004141777041755, 0.0022281613952558725, 0.0007836990696843587, 0.0032659024742279514, 0.003234911538530447, 0.0002464670306613047, 0.0005307035785682753, -0.0003526936170053965, -0.00035933554563485665, 2.750967719178138e-5, -0.000483422085227112, -0.0006454534851762032, -0.000703452351560521, -1.5507736766483488e-5, 6.177684572312059e-5, 0.0002464654567987637, 6.176819820682836e-5, 0.0003215070609828858, -0.00035075009673426463, 0.00045910729275737503, 2.7041547603291706e-5, 5.6993731455924884e-5, -0.00046788945275258345, -0.0004945915860848885, -0.00018755012954540422, 0.0003214941048475179, 0.0005306907919591787, -1.5512946488713275e-5, -0.0001875630664303755, -0.0002756747733741086, 9.579041825915138e-5, 0.0004073587552749242, -5.7550053223182334e-5, -0.00010771207659068794, 1.4197531458403178e-5, -0.0002756560692126421, -0.00035073348586146043, -0.0003526907615594313, -0.0007034669321410118, -0.0004946076014572567, 1.4195307027085229e-5, 3.2376879810647055e-6, 0.00023463372336256488, -1.2789863128007464e-5, 0.00018608511090797974, 3.2438922909658015e-6, 9.578265926362946e-5, 0.0004591071005942743, -0.00035933501686042225, -0.0006454639996038152, -0.00046790017406623326, -0.00010771126294046825, 0.0001860714735085131, 7.732850455647168e-5, 1.4765654201035925e-5, 7.73278854665675e-5, 0.0002346354253228985, 0.00040736917411464835, 2.704186079000903e-5, 2.7500919380377023e-5, -0.00048342801894580667, 5.69871200866857e-5, -5.75484271509003e-5, -1.279322904081245e-5, 1.4751579264580579e-5, 2.9535705961397163e-5, 1.4758800657003069e-5, -1.2795392784996926e-5, -5.7556022102470844e-5, 5.699368256749425e-5, -0.0004834229081743819, 2.750761836895041e-5, 2.7038341427718462e-5, 0.00040734991668321414, 0.00023462651920777935, 7.732086780039423e-5, 1.4755925622288375e-5, 7.733559450141868e-5, 0.000186089937799146, -0.00010770947706919648, -0.0004678929986142179, -0.0006454564150072787, -0.0003593393940800351, 0.0004590876642874709, 9.577487517346524e-5, 3.238818352650617e-6, 0.00018608236145725775, -1.279370063890636e-5, 0.00023465428743602284, 3.241962817119372e-6, 1.4197025064395248e-5, -0.0004946016590257839, -0.0007034622594050499, -0.00035268790014009546, -0.0003507245995493461, -0.00027565877701899474, 1.4193228269239087e-5, -0.0001077150670994773, -5.75522208131135e-5, 0.0004073960386825274, 9.580330776287659e-5, -0.0002756625507808918, -0.00018754708706432595, -1.551201214193299e-5, 0.0005306818381157438, 0.00032148253854073815, -0.0001875713159599753, -0.0004946126569013764, -0.00046789265203059117, 5.700617692921983e-5, 2.705017113843939e-5, 0.0004591429388025926, -0.00035075066107966815, 0.0003215350460555079, 6.176567743035484e-5, 0.0002464685678422234, 6.176837249977432e-5, -1.5512975299697147e-5, -0.000703465035569915, -0.0006454597108400473, -0.0004834224141830436, 2.752100425038674e-5, -0.00035932886512299485, -0.0003526951831141782, 0.0005307277036114438, 0.00024647188361308294, 0.00024646835828070405, 0.0005306770685069551, -0.0003526797539014312, -0.0003593411968006925, 2.7506606433514683e-5, -0.0004834163572812032, -0.0006454468573567796, -0.0007034502208123909, -1.5508749563862708e-5, 6.177301503873273e-5, 0.0002464677934632489, 6.17687834757177e-5, 0.00032148835077204063, -0.0003507259625102984, 0.0004590967336174246, 2.704410259466263e-5, 5.698968580360902e-5, -0.0004678885770604505, -0.0004945940230720849, -0.00018754778699564545, 0.00032149663588311277, 0.0005306973695034228, -1.5512647238640338e-5, -0.0001875670251342055, -0.000275661176720387, 9.576635433794934e-5, 0.0004073441975890697, -5.7555829847083344e-5, -0.00010770445110911049, 1.4200874317307809e-5, -0.00027566101404530416, -0.0003507389431023876, -0.0003527001577861299, -0.0007034630516699189, -0.0004946051666233745, 1.4192026485031293e-5, 3.243795515063758e-6, 0.00023462030298556941, -1.2800562398421981e-5, 0.0001860763750714751, 3.2437847987486614e-6, 9.578668063873075e-5, 0.0004591107597798662, -0.00035933438311353075, -0.0006454620716191588, -0.0004678912277061568, -0.00010771415427371215, 0.00018606339814165136, 7.732347372854209e-5, 1.4762420431889151e-5, 7.732787165013152e-5, 0.00023463300665715924, 0.0004073679416282377, 2.7045932006273274e-5, 2.7512794555953953e-5, -0.0004834243512794013, 5.69851906352545e-5, -5.755608404642526e-5, -1.2798337547381222e-5, 1.474867760544135e-5, 2.9532684926606806e-5, 1.4757338878383262e-5, -1.2793157575545586e-5, -5.7552049723443754e-5, 5.699335210961119e-5, -0.0004834206042078904, 2.750514042922596e-5, 2.7041863673028495e-5, 0.00040735573381964576, 0.00023462157695005895, 7.731914094384009e-5, 1.4757568844269656e-5, 7.731972199788645e-5, 0.00018607919144396497, -0.0001077109621325404, -0.0004678951619315723, -0.0006454595892873119, -0.00035933890290133135, 0.0004590906281271008, 9.57770395385626e-5, 3.2395854689694077e-6, 0.0001860810968798771, -1.2784394936279269e-5, 0.00023463762585861428, 3.2438603124608067e-6, 1.419507173428848e-5, -0.0004946001736509836, -0.0007034633941891742, -0.0003526875120576238, -0.0003507341220326261, -0.00027566255397264367, 1.419227695190412e-5, -0.00010771332576737852, -5.753652365665977e-5, 0.0004073792303277309, 9.579741104669246e-5, -0.00027565216988255923, -0.00018754701236032515, -1.5510170635158935e-5, 0.0005306825870258639, 0.00032148654854004905, -0.00018756708270604907, -0.0004946029972415393, -0.00046789568086402853, 5.699985757926006e-5, 2.704725775162499e-5, 0.0004591282631154162, -0.000350739409654817, 0.00032151091907465894, 6.177229919158121e-5, 0.0002464654189994074, 6.176878476660578e-5, -1.551157142875339e-5, -0.0007034611170824833, -0.0006454579313170459, -0.0004834240583573652, 2.7513908494987036e-5, -0.00035933273565126025, -0.0003526905605052816, 0.0005307113962831787, 0.00024646996576825793, 0.003234768308988202, 0.003265662362919514, 0.0007836148236368994, 0.002228059907935025, 0.0013003724297158915, 0.0006921695418544472, 0.0023132595945994975, 0.0008417139599207432, 0.0004123837002458861, 0.0005144637538545818, 0.0032347750448252777, 0.0005144537650521395, 0.004280968435658367, 0.004938070036057028, 0.0041428775778832045, 0.0003189364756103208, 0.0008774585541919287, 0.002065397709512229, 0.0011934121935804278, 0.0005760568856986812, 0.004281090913974994, 0.0032657231232130213, 0.000412372513831763, 0.0005760440167891452, 0.0014228401797098987, 0.0029155255337274463, 0.0026655615643477563, 0.0012832604819306998, 0.0002020384571932455, 0.000563970643940738, 0.001422889647555067, 0.00493823979861964, 0.0007836446156493457, 0.0008416998542395012, 0.0011933802372848087, 0.0005639448608127418, 0.0003002830056817549, 0.0021908005749558396, 0.0014685623561991098, 0.001096135460032567, 0.0003003028959096773, 0.002915648556424153, 0.004143033513747594, 0.0022281104280428895, 0.0023132694776835947, 0.002065365647965044, 0.00020203682023761928, 0.0010960833913392057, 0.0015118386772674658, 0.00032177200666696094, 0.0015119349321672804, 0.0021909406577432407, 0.002665711096259942, 0.0003189480521293437, 0.001300378212467254, 0.0006921742692608264, 0.000877468589408173, 0.0012833158017740457, 0.0014685818688242374, 0.0003217642506779853, 0.0001887086336366322, 0.00032178271831578755, 0.0014686113652772762, 0.0012833233059604066, 0.0008774921222303687, 0.0006921794450171063, 0.0013003621401443237, 0.00031893947448687976, 0.002665652591177431, 0.0021909272408669883, 0.001511952890610374, 0.0003217802803350961, 0.001512018260465476, 0.0010961438190325423, 0.0002020502352434784, 0.002065403544243291, 0.002313265975495295, 0.0022280802618622805, 0.004142895471692165, 0.0029155453870964593, 0.00030029845205546473, 0.0010961378452293315, 0.0014686201587893353, 0.0021910421064862354, 0.0003003131798585356, 0.0005639840435740443, 0.0011934198497347863, 0.0008417121032451328, 0.0007836217413814718, 0.004938106004015123, 0.0014228392095621345, 0.0005639564331593736, 0.0002020440321297115, 0.001283340967759121, 0.0026657830287984616, 0.002915666613365394, 0.001422913069637946, 0.0005760727737741311, 0.0004123796047659661, 0.003265671426105954, 0.004280995036772314, 0.0005760401462499044, 0.0011933897269861223, 0.0020654012451499517, 0.0008775050560474869, 0.0003189527654344372, 0.004143076130661817, 0.0049383371042467095, 0.0042811786436046245, 0.0005144641969014284, 0.003234773655884284, 0.0005144519054171444, 0.00041236664885225486, 0.0008417011297961506, 0.0023132915937371067, 0.000692186445046625, 0.0013003799140677008, 0.0022281191581306394, 0.0007836654742106475, 0.003265789620910481, 0.003234802860246324, -0.0009696312597743898, -0.0006383761915144604, -0.004541875451797782, -0.004061500907434372, -0.001061660407187613, -0.005858809121897173, -0.005444954024930397, -0.007814104642460063, -0.0007925504464041642, -0.0009165558414537622, -0.0009696400128006832, -0.0009165583605758424, -0.0014186836259154744, -0.003912558894014706, -0.0008914766618306576, -0.000568855106846569, -0.0008405379112189669, -0.0028902753560810664, -0.004767466256369351, -0.00490222074929977, -0.0014187015386166787, -0.0006383743854242779, -0.0007925528285424604, -0.004902213337133173, -0.004931649246021664, -0.001438049456393577, -0.00041233737479635425, -0.0014610347101298693, -0.001709360479406067, -0.0005811937592392866, -0.00493169256884164, -0.0039126439879470475, -0.0045419280369890964, -0.007814111836228398, -0.004767469875933835, -0.0005811942600242792, -0.0007356634059244587, -0.0005028922462965816, -0.0012577138827012022, -0.00026530764485316766, -0.0007356715040448582, -0.001438050654550394, -0.0008914774106354589, -0.004061522471591657, -0.005444961633621649, -0.0028902715394455887, -0.0017093720134955164, -0.00026531674458721576, -0.0006745117743510428, -0.001211104248759155, -0.0006745267181670063, -0.000502916914799371, -0.0004123471354863953, -0.0005688552610276626, -0.0010616603774706449, -0.005858831069830416, -0.0008405462052595517, -0.0014610572021072717, -0.0012577413410016316, -0.0012111385164267382, -0.00016985864737246558, -0.0012111392384095954, -0.001257741862365659, -0.0014610718730507588, -0.0008405497288252648, -0.005858838137993031, -0.0010616666800467294, -0.0005688530399787602, -0.0004123462124838543, -0.0005029309512407615, -0.0006745544518752156, -0.0012111439787493754, -0.0006745685543741117, -0.0002653166342716642, -0.001709389009796587, -0.002890299936090245, -0.005445004600205073, -0.004061538657872606, -0.0008914825220903194, -0.0014380390868285117, -0.0007356724962832742, -0.0002653205688225922, -0.001257734047096764, -0.0005029465597060968, -0.0007356859840572016, -0.000581198545598862, -0.004767513627877792, -0.00781416044029239, -0.004541917603945832, -0.003912600187489326, -0.00493166949604798, -0.0005811955854465231, -0.0017093856654959686, -0.0014610655855360173, -0.00041235246912824997, -0.0014380542076214494, -0.004931736539790711, -0.0049022571299308735, -0.000792555656091646, -0.000638375382701295, -0.00141869035953462, -0.004902224790828843, -0.004767485179978007, -0.002890288940443487, -0.0008405413015111884, -0.0005688547816592437, -0.0008914847942288013, -0.003912697759103009, -0.001418709682150281, -0.0009165662710089413, -0.0009696342296658753, -0.0009165553156354363, -0.0007925509722715305, -0.007814109700520322, -0.005444989845716298, -0.005858841960705813, -0.0010616589238085648, -0.004061516554277252, -0.004541935802869133, -0.0006383724992344856, -0.0009696509990244255, -0.0005351518191588809, -0.0006652675336628987, -0.003009743835544895, -0.0031765476934740413, -0.001922278976440562, -0.0038261235159964173, -0.0051503897964712015, -0.0063243188155503545, -0.0014469085115054255, -0.0007961899233564834, -0.0005351537625974787, -0.000796192191767446, -0.0017907076368997763, -0.001928788276697039, -0.0013491930011893627, -0.0006239066908527659, -0.002063723009710872, -0.004451813873128888, -0.004971876617221442, -0.003378733756494431, -0.0017907004422981897, -0.0006652649113787774, -0.0014469145698989517, -0.0033787312524638964, -0.002560424768400938, -0.0009195470688093652, -0.0005543796600650274, -0.0009532546142279371, -0.00139106347972851, -0.0010401886845458966, -0.002560427612463817, -0.0019287800210312897, -0.0030097486505932538, -0.006324320301095314, -0.004971875085970278, -0.0010401868529576262, -0.0005923287965829891, -0.0005237936805613814, -0.0007897531905211754, -0.0004226346954361575, -0.0005923306547239718, -0.0009195437254245621, -0.0013491898795914363, -0.003176548145481398, -0.005150391222703754, -0.004451815338071853, -0.001391066395441856, -0.000422641124371851, -0.0005192429104775914, -0.0008033938810151605, -0.0005192348116352895, -0.0005237861557120271, -0.0005543729497421003, -0.0006239060318779351, -0.0019222794803139672, -0.003826129589017442, -0.0020637246914420745, -0.000953257260372308, -0.0007897606296876981, -0.0008034099376280894, -0.0002429798894418833, -0.0008034052776979472, -0.0007897565269196514, -0.0009532581928344342, -0.0020637259118262757, -0.0038261255780335547, -0.0019222893233114163, -0.0006239107070979879, -0.0005543872976686774, -0.0005237883958835028, -0.0005192367728135312, -0.0008034059175830049, -0.0005192297870249765, -0.0004226342963880887, -0.0013910710882152322, -0.004451821620520668, -0.005150399536717467, -0.0031765521268346374, -0.0013492011850469218, -0.0009195502457591729, -0.0005923342410156952, -0.00042263981164147613, -0.0007897625827005295, -0.0005237863082203269, -0.0005923323480981648, -0.0010401875572863951, -0.004971881766629684, -0.006324336747828587, -0.0030097545081933415, -0.001928787191839285, -0.0025604366150746363, -0.0010401894537331764, -0.0013910703781617845, -0.0009532606923697395, -0.0005543743678635847, -0.0009195502366878128, -0.002560432100648609, -0.0033787530435597903, -0.0014469138543682768, -0.0006652677558696861, -0.0017907067368489794, -0.0033787382806404927, -0.004971881846895883, -0.0044518160638216155, -0.0020637272069467232, -0.0006239056678260773, -0.0013491877613784624, -0.001928774100808027, -0.001790700944616928, -0.0007961919301072048, -0.0005351562529700875, -0.0007961922528025078, -0.0014469154072678742, -0.006324321976372017, -0.005150392925617766, -0.003826121262992581, -0.0019222701343814528, -0.003176541930612651, -0.0030097449774309404, -0.0006652640239712327, -0.00053514800732536, 0.0011931520405146568, 0.0007840083605331247, -0.009101057177581957, 0.007359706778342538, 0.004010885313136165, -0.009008460131768155, 0.007959018343947733, -0.006380483342085291, -0.0011653830059705022, -0.0015599695360903761, 0.0011931611340793421, -0.0015599742725848154, 0.006642936423115652, 0.008550135530866983, 0.008772572021003955, -0.0006717890744921715, -0.0015352714071505877, 0.008530330579371146, 0.004205547500081255, -0.00943367063773482, 0.006642942722644396, 0.0007840163195127355, -0.0011653828856245318, -0.009433669532173061, -0.00679986375963811, 0.0037759997634071833, 0.0018831615795902937, 0.0006817457393957182, -0.003838368074321628, 0.0006843872343822334, -0.006799866806350349, 0.00855015070769636, -0.009101067859317755, -0.006380481870914692, 0.004205555114050069, 0.000684392076170484, -0.0015213589755606939, 0.0015242545663509896, 0.0015453572608587623, 0.0007066618739400047, -0.0015213607612739111, 0.0037760080098851348, 0.00877258255762715, 0.007359715098300359, 0.007959014122102849, 0.008530339104919526, -0.003838372222882653, 0.0007066630381693817, 0.0015876291280730005, -0.0022046316044954037, 0.001587624686998645, 0.0015242560838893164, 0.001883176860856981, -0.0006717886003181447, 0.004010884663445873, -0.009008462096949875, -0.0015352708880968574, 0.0006817448057587684, 0.0015453603457346622, -0.0022046331557049985, -0.0004838897467258043, -0.00220462832274582, 0.0015453595377961646, 0.0006817476067881214, -0.0015352768690043855, -0.009008462160257979, 0.004010868111358355, -0.0006717908844814605, 0.0018831649741227461, 0.0015242475834862342, 0.0015876279517815762, -0.002204637102205243, 0.0015876194617983736, 0.0007066665394795117, -0.0038383677673666946, 0.00853032856879217, 0.007959000094982993, 0.00735972074324164, 0.008772574077754398, 0.0037760129264053496, -0.0015213647970018656, 0.0007066627516092454, 0.0015453632908334698, 0.0015242503439876918, -0.0015213615834752804, 0.0006843880890916717, 0.00420553958022543, -0.006380482723198447, -0.009101066515736934, 0.008550131739179415, -0.0067998637860622385, 0.0006843871569175712, -0.003838380056014873, 0.0006817485195838168, 0.0018831646192185713, 0.003775999290646158, -0.0067998642392647695, -0.009433669025734923, -0.0011653869310813032, 0.0007840157066908936, 0.006642938947932445, -0.009433668633579867, 0.004205543044638129, 0.008530334960645248, -0.0015352761774046772, -0.0006717904296418535, 0.008772561752176599, 0.00855013036642105, 0.0066429340883851305, -0.001559977047425794, 0.0011931506037385906, -0.0015599736778320996, -0.0011653891668891682, -0.006380483778893177, 0.007959013364618574, -0.009008461789139353, 0.004010899095637528, 0.007359701523061753, -0.009101056455803917, 0.0007840182622882044, 0.001193159419765062, -0.015960856069377374, -0.017280082557342917, -0.08791282156465813, -0.12811021253706226, -0.02911039282178267, -0.1516950220835281, -0.15128957390537118, -0.178180449734384, -0.01677459617935018, -0.01750981770672342, -0.015960860454022927, -0.01750981708040206, -0.03462119224148151, -0.08855206800756049, -0.030525729527967938, -0.014400282747343968, -0.019884063917026858, -0.0797185097207729, -0.13538165047314596, -0.1205129904465155, -0.034621203737506275, -0.0172800950570229, -0.016774606066195845, -0.12051301389739875, -0.1061943584666425, -0.04004034458477235, -0.013443300706621085, -0.03612196349269602, -0.039632473315389924, -0.01391960136926931, -0.10619437516498588, -0.08855213847453083, -0.08791291493411374, -0.17818054148658655, -0.13538170182827028, -0.013919603897508554, -0.01553561623103317, -0.014314050712681804, -0.028966441887740585, -0.0074781016862553555, -0.015535620810258229, -0.040040357224832346, -0.030525752895107103, -0.12811031048616284, -0.1512895753797647, -0.07971854326008088, -0.039632500292940916, -0.007478109532225152, -0.013528437781887715, -0.020678422800664426, -0.013528430575828448, -0.014314042642451202, -0.013443291970637148, -0.014400283786654866, -0.029110393473937367, -0.15169493171091628, -0.01988406493271689, -0.036122005505140664, -0.02896649716428651, -0.02067847525572527, -0.00279218447716188, -0.020678449014959403, -0.028966426483309302, -0.036121920968092094, -0.0198840571582767, -0.15169491856349782, -0.029110388549863843, -0.014400293607727079, -0.013443325637218215, -0.014314082201383294, -0.01352847087531259, -0.02067850026471733, -0.013528450969549423, -0.0074781045279023435, -0.03963245926927726, -0.07971852574218405, -0.1512895354792263, -0.12811031715478405, -0.0305257555466939, -0.04004038804569686, -0.015535647609761258, -0.007478121660405552, -0.028966506146248242, -0.014314068678774786, -0.015535621548073777, -0.013919595825089386, -0.13538163217342797, -0.17818051282334552, -0.08791289107296901, -0.08855210521287316, -0.10619439006657336, -0.013919606030295078, -0.03963251166274251, -0.03612201999067355, -0.013443315381184444, -0.04004034360507294, -0.10619430199536502, -0.12051293788751155, -0.01677460133777689, -0.01728009785045983, -0.03462119863147066, -0.12051299142868954, -0.13538165954147813, -0.07971853780133417, -0.019884071633272965, -0.014400291731857884, -0.030525731817392918, -0.08855202841271295, -0.03462118229355597, -0.017509829860128837, -0.015960865672443793, -0.017509819552843624, -0.01677459803723516, -0.17818046613677366, -0.15128961132153723, -0.15169503624779831, -0.029110396586357022, -0.12811019477556324, -0.08791279887830994, -0.01728008550290594, -0.01596087777800649]"
