L,J,Q,θ,ϕx,ϕy,ϕz,ndims,T,χswave,χdwave,dχswave,dχdwave,Δswave,Δdwave
11,3.0,0.6180339887498949,0.4487989505128276,0.0,1.6207963267948966,0.0,3,0.001,9.456570392407624,11.89831471722802,-2.854766859433461,-3.6369455250855727,"[0.0001269955845225627, 4.0270057760198336e-5, 0.00011056516782494358, 1.0824651575545895e-5, 0.00014483232983171588, 7.457126048437523e-5, 6.052633079133701e-6, 7.383811228806915e-6, 2.29001759336476e-6, 1.603163860473128e-6, 1.3470324860499414e-6, 0.0004430724172939139, 1.03438218581383e-6, 0.0005191633681678619, 0.000179525524376372, 0.002691640883460492, 2.2935877906960205e-5, 0.0004903648942557468, 3.280206359536223e-5, 3.3177951503050515e-6, 1.4180913341625342e-5, 2.5323170747431224e-5, 1.254401867510158e-5, 1.3032009329807387e-5, 9.48786740517446e-6, 5.279033371229921e-5, 0.001029452016073947, 0.001132689943907961, 0.0007478145772264755, 0.00022759445795282347, 1.0577212646760556e-5, 9.493445801740143e-5, 0.000634188386698866, 0.0001855921285054945, 9.70667476472625e-6, 6.211756071200546e-6, 2.658284621517978e-5, 7.2143534701027585e-6, 0.0054472911583621645, 0.004667559905477844, 0.006909525991244231, 0.00020094174413779273, 0.003876365619029429, 0.006380156531005276, 0.0002113090167785999, 2.49848889782077e-5, 8.847051356655018e-6, 4.2877310855368007e-5, 0.001608963404475543, 0.0006222569545546036, 6.953618367110809e-5, 0.0019020661135614163, 0.013265860379108594, 0.041823589372182356, 5.13296812916826e-5, 0.0004225765449487847, 6.266490492025248e-6, 7.088010910938532e-6, 2.975043930383099e-6, 0.00010774988708052262, 1.92689297743992e-5, 3.607364911105762e-6, 0.00014690586704724923, 0.0020361063922740845, 0.003998095463070026, 0.008079491730334709, 0.0007713162102533837, 0.0007141668083968885, 2.4952675304005384e-6, 0.00022606209463654986, 6.569024946116199e-5, 1.1789179659302523e-5, 1.4107873338234378e-5, 6.720783932816134e-5, 0.0006957797764076106, 3.571275150621861e-5, 0.007542102887322759, 6.731209356729967e-5, 0.0001031127307954344, 4.289852057040144e-5, 7.588115524064225e-5, 2.0645067634488846e-6, 5.958926243936069e-6, 8.405407800725004e-6, 1.374753906686942e-5, 4.822527366704372e-6, 0.0002340597404393253, 0.0005697147620197292, 8.564851917002188e-6, 4.307490606362228e-6, 1.3120530867763956e-5, 8.651304892284307e-6, 3.3377555192716686e-6, 1.0678431847255948e-6, 2.1506149515734124e-6, 1.30923165035041e-5, 5.140097978237768e-6, 1.557792846502157e-5, 2.2688867477737087e-5, 1.4892824478519168e-6, 1.3973984545681984e-5, 2.4113466016194686e-5, 1.2763668574380157e-6, 1.7841344831309117e-6, 1.5066822137987674e-6, 4.136569730457326e-7, 6.276794463290665e-8, 1.5788313073574964e-6, 3.3188168239092763e-6, 8.833061215991669e-6, 1.7823601162507505e-5, 2.5633701384813676e-5, 2.963659672976758e-6, 1.0691762313999424e-6, 6.580161388531833e-6, 4.540956434204114e-6, 1.4067714389099512e-6, 4.9299352418478125e-6, 2.0841517778642186e-6, 7.279352627525063e-7, 5.746949505212352e-6, 8.660762877395894e-5, 5.782296938347878e-5, 7.601489114436935e-5, 1.8129589425829734e-5, 8.888306629546575e-5, 4.865808404953039e-5, 5.427867294350176e-6, 5.623459531060079e-6, 1.510949694727079e-5, 1.28351701024967e-6, 1.0931848498504579e-6, 0.0002960975362553851, 1.0714499020274748e-6, 0.0003453303896729983, 0.0001096499947727007, 0.0017329159596555857, 1.5282469433363418e-5, 0.00032316218712493804, 1.9824011851667968e-5, 1.961839852461511e-5, 8.715934127706678e-6, 1.6569237008051338e-5, 2.0637541180827147e-5, 8.819189490775689e-6, 9.435325461039108e-6, 3.8362327384960405e-5, 0.0006589853831719529, 0.0006390694724732362, 0.00046937404051346915, 0.00016151961089876533, 4.145399050399165e-6, 5.839081131069415e-5, 0.0004075343273355727, 0.00012918504384757702, 1.1688442509164877e-5, 8.612194293108747e-6, 1.7484651800064345e-5, 6.610396924896372e-6, 0.003542198150082149, 0.0030238770314423083, 0.004478533551071971, 0.00015042110929038314, 0.0023247263029645884, 0.004242676731422642, 0.0001400443443021123, 2.802024658004469e-5, 1.1413965891292344e-5, 3.689613257624666e-5, 0.0010512588457129044, 0.0003543068675702693, 5.354091932468553e-5, 0.001108304011009962, 0.008666191950589555, 0.027927815972942003, 4.914157099679059e-5, 0.0002870401816729624, 3.501146256706597e-5, 5.414260558240375e-6, 6.408089853807402e-6, 8.702954950128277e-5, 0.00012717577904400312, 1.4323490273805608e-6, 0.0001343097913591891, 0.0012403760218529308, 0.002530668912885994, 0.005332926071650593, 0.0005189974508521267, 0.0004760936392692143, 2.0326850603525314e-6, 0.00015514381352436154, 6.301561555449283e-5, 1.2392866902384905e-5, 0.00024137254268410957, 5.729598942222098e-5, 0.0004538557861131199, 3.156645694487627e-5, 0.004979546242948364, 0.00024087860959201568, 8.001312938882028e-5, 7.431272330327057e-5, 5.444269127441079e-5, 1.5396338447939799e-6, 5.274546122187827e-6, 9.138237007592226e-5, 1.9021840545342672e-5, 6.247047817514403e-6, 0.0001547860293574601, 0.000357005899902865, 5.414831520845695e-6, 1.2886339079489027e-5, 2.307590537817695e-5, 7.513638740096196e-6, 3.2748257074838283e-6, 1.2601068918515965e-5, 1.0437315635579598e-5, 8.861463353569687e-6, 1.1155685774486349e-5, 8.534679602616169e-5, 0.0001738012331207739, 9.25508105716977e-6, 1.6650502437017445e-5, 1.857055501392835e-5, 2.8922153785752164e-6, 3.0722123009372607e-6, 5.7791568425825685e-6, 2.348200060955756e-7, 5.3765004394786724e-8, 1.3006476556037122e-6, 1.0147670211808207e-5, 1.45781143752622e-5, 1.4466781524064953e-5, 3.2033833954673e-5, 2.766213429462004e-6, 5.743219724952536e-7, 1.8636188956809227e-5, 1.4494699272541225e-5, 2.4860351787495648e-6, 2.9743440403493665e-6, 3.638740703357842e-6, 4.1753419265724845e-6, 5.320078156701661e-6, 0.0019337961328645126, 0.0015906934517598975, 0.0017043084993023762, 8.198563992540712e-5, 0.0018913816297808947, 0.0010815763758529147, 8.084852209105063e-5, 6.277628881993765e-5, 3.7452906544869005e-6, 2.1388398728129296e-5, 1.4113548317588008e-5, 0.006656554205030167, 1.4091557448104534e-5, 0.007791703377530455, 0.002307949944663189, 0.038488995572429116, 0.00027290371657976917, 0.0072474291612805285, 0.0003992127084993082, 1.9516599656951503e-5, 5.369018300417595e-5, 0.0004005584234595943, 0.00011502265516906938, 0.00019232984398211746, 0.00012749443901297953, 0.0006821536578056047, 0.014722995698605395, 0.013828548746628602, 0.010061225008955874, 0.0032542565126667524, 7.042482094963155e-5, 0.0006263695580124703, 0.00895309898560286, 0.0026429934456395805, 8.173299886773434e-5, 7.034071190389814e-5, 0.0003863438641689877, 4.737574552448904e-5, 0.07838798776166064, 0.0663412555383117, 0.10026830007656551, 0.0022417831167740173, 0.05057940882920321, 0.09531243783692467, 0.003124888714787428, 0.000337907455997692, 7.47952453822448e-5, 0.0005953379987078044, 0.023540133781562535, 0.007572046268680933, 0.0007480695518346594, 0.025038696267424256, 0.19072037377953904, 0.6241841252723499, 0.0006790723510286716, 0.006010451933825502, 4.9434068398988406e-5, 0.00010738901001283973, 4.136329006748651e-5, 0.0015550686419384418, 0.00011213644845166348, 2.370079372468817e-5, 0.001916826788750531, 0.026625209408947158, 0.055216236654243175, 0.11941995063725797, 0.010558277122640193, 0.010706845691923497, 3.491513147399201e-5, 0.0035261671934502248, 0.0015794308171220364, 0.00015308930439031756, 7.12046666998512e-5, 0.0009078908146171977, 0.010203905393246759, 0.00037481989887850134, 0.11062054070665372, 0.000668205971514691, 0.0015722133946165836, 0.0020804578155032977, 0.0012622296151280007, 2.9129953847863675e-5, 9.960189701701443e-5, 1.2719170946477363e-5, 0.00011017491694852231, 5.574428023859355e-5, 0.0034440288305572653, 0.007675164018154212, 0.00011231425596836984, 5.8935663698278537e-5, 0.0006120924844285028, 0.00016871042719533515, 7.358979142518568e-5, 8.188779445499907e-6, 1.4404674520813424e-5, 0.0001895334994723697, 2.6606924865434436e-5, 0.0001457461674543568, 0.00020150428949884582, 2.56283548199212e-5, 0.00045614720629840594, 0.0004603334043073691, 2.221225355825574e-5, 2.1014591156066345e-5, 8.078566726824879e-6, 4.321319799940274e-6, 3.300803217507614e-7, 1.6883561990141795e-5, 1.1013232969231835e-5, 0.00010629350414887665, 0.0003050662244435875, 0.0008637055943924582, 4.876118996277167e-5, 1.0436394018828042e-5, 6.391717273786538e-5, 5.0925898331275095e-5, 8.527378718822939e-6, 6.407168466049081e-5, 1.5417643228602318e-5, 6.630267940815784e-6, 0.0001330201403715414, 0.00018728465618771898, 0.00014778754825465687, 0.00017028469998862364, 2.8288168823394078e-5, 0.00024235116360013347, 0.0001089160086415865, 1.9200477414470186e-5, 6.167400782625468e-5, 1.552426965084272e-5, 6.635617750855305e-6, 4.690836108542547e-6, 0.000633691625762162, 2.488512593448299e-6, 0.000734211335373657, 0.00033326061458204166, 0.00360008168941447, 3.3061827287423923e-5, 0.0006866902208312728, 5.274307913886306e-5, 2.9864495774071208e-5, 0.0001021309326093749, 0.00010686708838740337, 9.404523400700394e-5, 2.9903184457210318e-5, 2.9994837816486528e-5, 9.97422913337322e-5, 0.0014062802612708268, 0.0014293603096901218, 0.001154815748724804, 0.0003258263699763165, 2.0545333368842365e-5, 0.00023034722790427585, 0.0013669667901647364, 0.00032509915072724896, 0.0002328121079366724, 7.350907810643736e-5, 4.088184373356521e-5, 1.3964382692686341e-5, 0.007541564651425312, 0.0064593078340913455, 0.009421913424359333, 0.0003449465502937799, 0.0058906326158741605, 0.008807412945828846, 0.00030908154249717945, 0.0001050889554692, 0.00022385448257908336, 8.829109699644289e-5, 0.00217676284463707, 0.0007968702995797819, 0.00010517883616775053, 0.002543327551624351, 0.018828443965432054, 0.05746725373309282, 9.524372642833292e-5, 0.0007354580145282506, 2.6291593861811624e-5, 1.773743206165586e-5, 1.9255367003620343e-5, 0.00019864151295772778, 3.267448468472888e-5, 6.022669318109892e-6, 0.000244422680591814, 0.0035609862774742406, 0.006040116539990735, 0.011217586216131645, 0.0015456342653521783, 0.0010372780889319707, 5.613071542774108e-6, 0.00033180697347761127, 0.000155823322890521, 5.352153057630246e-5, 3.2073257275482686e-5, 0.00011454073028480376, 0.0010219139003448665, 6.707744669790395e-5, 0.010475994759661923, 0.00013615378822124822, 0.0002030696650159305, 0.0001993090596696459, 0.00012499744665171557, 4.098778140066393e-6, 1.4424451974208788e-5, 3.4808355680704395e-5, 4.475103151981019e-5, 1.4385396260811496e-5, 0.00033064828871885417, 0.0010138581701131955, 1.4231803465026682e-5, 8.520021728210952e-6, 5.933415213807847e-5, 2.252101024211462e-5, 7.739147555485722e-6, 9.738489858014633e-6, 3.795894815328271e-5, 2.3312605081990314e-5, 8.240326877641257e-5, 4.5508472851818124e-5, 6.877611076069618e-5, 4.905236542285469e-6, 4.408332452439075e-5, 4.3193688672942096e-5, 3.593875586905583e-6, 1.8269896855755904e-5, 6.13262272916408e-5, 3.854404605421074e-6, 5.261900302936263e-7, 6.989309541914884e-6, 7.153280726560074e-5, 5.182671050099185e-5, 3.3080927231738224e-5, 8.564498424121735e-5, 5.468423964164566e-6, 3.505414891986653e-6, 5.281788985985435e-5, 3.366858098689633e-5, 4.445332644020632e-5, 1.155503284274665e-5, 5.028613988528746e-5, 8.855868313282329e-6, 1.386826069383815e-5, 8.396974226260352e-6, 2.728954435530194e-6, 7.77326119662811e-6, 6.675725340956392e-6, 2.0519854952858168e-5, 5.170950953407687e-6, 3.3773233413273915e-6, 1.503430240458372e-5, 5.553900604643967e-6, 1.2669263021189772e-6, 1.0535707999318345e-6, 2.603030978614706e-5, 3.973936751238208e-7, 2.9672605979119e-5, 3.383058415816546e-5, 0.000139173172519028, 3.232028302568472e-6, 2.850547835390408e-5, 7.1617321933388316e-6, 1.0406310969068768e-5, 3.499149566339732e-5, 2.075001152194978e-5, 2.731197548600829e-5, 3.3054287555669623e-6, 6.515705991257548e-6, 1.453213312559154e-5, 5.759315932086888e-5, 7.789910626239188e-5, 0.00010391181857828191, 1.8438301955418096e-5, 2.6674194761764844e-6, 3.853798408684061e-5, 0.0001364785981683111, 2.8957395223601703e-5, 5.243045565642493e-5, 1.851577105898769e-5, 2.4456846955114506e-6, 1.8088322250109715e-6, 0.0003007269217412496, 0.0002747124096826618, 0.00036708636994962126, 2.811669703344042e-5, 0.0003346877904836759, 0.00034028329648986286, 1.467448407771639e-5, 2.0199909255957244e-5, 4.71277751627093e-5, 9.597299684568471e-6, 8.244814674910174e-5, 4.077138192741525e-5, 9.035649346346777e-6, 0.00012146118036895134, 0.0008206827410739605, 0.0022537521665782594, 7.963191849246279e-6, 7.460461824107274e-5, 1.4021457174151312e-5, 2.2733037763540166e-6, 6.087061377506482e-6, 1.6667261783048955e-5, 5.588010432711066e-6, 9.633881785123754e-7, 3.7224009824934684e-5, 0.0003694120974199015, 0.00033631091765822744, 0.00044580916224318517, 0.00016550294480468988, 4.837164071578551e-5, 8.341124935317551e-7, 1.2644129432436363e-5, 7.631166697838823e-6, 1.104415273733882e-5, 8.996082233873187e-6, 1.0586857830728255e-5, 4.7371844366592424e-5, 1.0664299749755905e-5, 0.0004302123928176648, 2.927668900839066e-5, 2.1500168432161265e-5, 5.728135080939473e-6, 5.220950502296887e-6, 4.666711527487929e-7, 1.6088178554796856e-6, 1.006030344945924e-5, 9.813494428280445e-6, 2.3701142841461853e-6, 1.523117588826152e-5, 9.999629826032246e-5, 1.3784095725388745e-6, 1.5883950767247657e-6, 1.8255169768398131e-6, 2.6060608299908333e-6, 4.4347304429398493e-7, 2.6594915007052775e-6, 9.80739561535094e-6, 2.451405954453532e-6, 1.939169568731646e-5, 1.0578327062386308e-5, 1.613187232170051e-5, 1.0296801235378308e-6, 1.4988769313328387e-6, 1.3439279747924984e-6, 7.178170404647036e-7, 4.638592306087158e-6, 1.4167905086288728e-5, 9.814472151422476e-7, 1.4630675147352806e-7, 1.6096315638646462e-6, 1.8396122985664138e-5, 1.175607783990805e-5, 2.6728615819130233e-6, 3.0750099858467377e-6, 4.387186830928126e-7, 5.897184509268474e-7, 1.1937137321729567e-5, 7.3500778187390176e-6, 1.0413021200980557e-5, 1.45609390363741e-6, 1.2775466656626995e-5, 2.4756824091726193e-6, 8.243067680679294e-7, 2.5335868325974953e-5, 9.879401599810055e-5, 2.3247922171418765e-5, 1.5829939954449535e-6, 1.9688170901796097e-5, 9.210387457566412e-6, 1.2038931911064127e-6, 2.5742717736001314e-6, 7.228225165513262e-7, 8.219321884876131e-7, 3.232421662254306e-7, 6.648671411727067e-5, 3.19753280943625e-7, 9.094367440537661e-5, 2.573044532058321e-5, 0.0003058740902352041, 2.279998617330317e-6, 5.003381120294564e-5, 3.7773588707564094e-6, 1.5248039450946674e-6, 5.61598177140001e-6, 2.1558763624030843e-5, 3.90001023690403e-6, 2.387676926823585e-6, 3.1981084942832652e-6, 6.936825307131368e-6, 0.00012653269739178836, 0.00012546785184404515, 7.985635183579542e-5, 2.1901697416348582e-5, 1.0678005540783186e-6, 9.73548505408357e-6, 7.475169399776341e-5, 2.125553156012705e-5, 1.5307073463153957e-5, 4.825422436631976e-6, 3.5457611985700854e-6, 9.819763263515212e-7, 0.0006102965707090997, 0.00044931759646893183, 0.0006441470077828615, 1.776862111627347e-5, 0.00036122923836861545, 0.0006095542585712304, 2.517587119512147e-5, 7.227594709374036e-6, 1.5242497547273727e-5, 6.937118371726746e-6, 0.00018505139759542434, 6.816507376810818e-5, 6.171654373091431e-6, 0.00019508848639947186, 0.001185496231961635, 0.0035474328528648028, 4.116990373050685e-6, 4.633907646058857e-5, 2.5210220363781595e-6, 1.8561267319780516e-6, 2.916808403336836e-6, 1.9986852645009008e-5, 1.6160736309491319e-6, 4.782177977559574e-7, 1.831390746382224e-5, 0.00022526070573930176, 0.0003611279960432103, 0.000853357333384144, 8.475156862196255e-5, 9.532243021048454e-5, 5.731857630614234e-7, 5.798441363198594e-5, 7.01752823577869e-5, 6.731324763877087e-6, 1.6011912264716696e-6, 6.686288539245119e-6, 6.705153583679924e-5, 3.7276109145078107e-6, 0.0007254574861515527, 7.686116701443452e-6, 2.5765185043989756e-5, 0.00014007909236737198, 3.03964998192496e-5, 5.407198168735786e-7, 2.8071250675630382e-6, 1.5404322589232782e-6, 1.9785627134887886e-6, 7.71233523938139e-7, 2.4195121364172477e-5, 6.062748229770411e-5, 9.410281098874273e-7, 1.0275474257651074e-6, 4.364436151621867e-5, 8.168565648215137e-6, 3.1344811595084097e-6, 4.5646160062255e-7, 1.5223512900503292e-6, 1.9684757618446125e-6, 3.609390756452273e-6, 1.955694434252822e-6, 3.1633377365888416e-6, 1.3372639234617706e-6, 2.9818237419209108e-5, 1.833023718005814e-5, 9.840355515659122e-7, 9.4478096457904e-7, 3.23280931150533e-6, 2.761787655871945e-7, 3.107668350172538e-8, 9.40035650339073e-7, 3.2183679842324227e-6, 3.0980501025602196e-6, 9.919522698108914e-6, 5.6454040583860706e-5, 1.0919147406139237e-6, 3.239176662470989e-7, 3.6580687085045413e-6, 1.7945876655575503e-6, 2.42148912420366e-6, 1.2450320008086657e-6, 1.959802838497667e-6, 3.92836482867448e-7, 5.773461302441057e-6, 8.396974226258834e-6, 2.728954435528893e-6, 7.773261196638952e-6, 6.675725340954224e-6, 2.0519854952880286e-5, 5.170950953417228e-6, 3.3773233413247894e-6, 1.5034302404581118e-5, 5.5539006046465694e-6, 1.2669263021163751e-6, 1.0535707999317803e-6, 2.603030978614294e-5, 3.9739367511991766e-7, 2.9672605979118565e-5, 3.383058415815793e-5, 0.0001391731725189939, 3.232028302571806e-6, 2.8505478353895624e-5, 7.161732193330375e-6, 1.0406310969062697e-5, 3.499149566338171e-5, 2.075001152194089e-5, 2.7311975485999618e-5, 3.3054287555613245e-6, 6.515705991260584e-6, 1.4532133125590672e-5, 5.759315932087755e-5, 7.789910626237453e-5, 0.00010391181857824267, 1.843830195541723e-5, 2.667419476180821e-6, 3.853798408682456e-5, 0.00013647859816824648, 2.895739522359303e-5, 5.243045565642146e-5, 1.8515771059003303e-5, 2.4456846955039696e-6, 1.808832225008803e-6, 0.0003007269217412587, 0.00027471240968263556, 0.00036708636994965053, 2.8116697033425567e-5, 0.00033468779048360605, 0.0003402832964899095, 1.4674484077706741e-5, 2.0199909255969387e-5, 4.712777516270583e-5, 9.597299684566737e-6, 8.244814674909101e-5, 4.077138192739834e-5, 9.035649346342874e-6, 0.00012146118036892879, 0.0008206827410739432, 0.002253752166578297, 7.96319184924281e-6, 7.460461824104325e-5, 1.4021457174149578e-5, 2.2733037763514145e-6, 6.0870613775073495e-6, 1.6667261783051557e-5, 5.588010432709765e-6, 9.63388178515899e-7, 3.7224009824921456e-5, 0.0003694120974197584, 0.00033631091765814027, 0.00044580916224321076, 0.00016550294480466906, 4.8371640715778354e-5, 8.34112493538694e-7, 1.2644129432435279e-5, 7.631166697838823e-6, 1.1044152737340121e-5, 8.996082233878391e-6, 1.0586857830728255e-5, 4.737184436659752e-5, 1.0664299749746093e-5, 0.00043021239281759065, 2.9276689008376783e-5, 2.150016843215953e-5, 5.728135080938172e-6, 5.220950502295586e-6, 4.6667115275334653e-7, 1.6088178554796856e-6, 1.0060303449458807e-5, 9.813494428277409e-6, 2.370114284142499e-6, 1.5231175888266724e-5, 9.99962982602973e-5, 1.3784095725375735e-6, 1.5883950767221636e-6, 1.8255169768406805e-6, 2.60606082998693e-6, 4.434730442974544e-7, 2.6594915007076628e-6, 9.807395615353542e-6, 2.4514059544598205e-6, 1.9391695687311257e-5, 1.057832706238002e-5, 1.613187232170051e-5, 1.0296801235351203e-6, 1.4988769313317545e-6, 1.3439279747872943e-6, 7.178170404647036e-7, 4.638592306089326e-6, 1.4167905086295667e-5, 9.814472151374844e-7, 1.4630675147555247e-7, 1.6096315638659472e-6, 1.83961229856598e-5, 1.175607783990458e-5, 2.672861581912156e-6, 3.0750099858467377e-6, 4.387186830958484e-7, 5.897184509203422e-7, 1.1937137321734771e-5, 7.3500778187364155e-6, 1.0413021200981424e-5, 1.4560939036339406e-6, 1.2775466656620056e-5, 2.4756824091669814e-6, 8.24306768070545e-7, 0.00018728465618756112, 0.00014778754825462304, 0.00017028469998865876, 2.8288168823394945e-5, 0.00024235116360028439, 0.00010891600864162097, 1.9200477414477342e-5, 6.167400782622345e-5, 1.5524269650841853e-5, 6.63561775085704e-6, 4.6908361085416794e-6, 0.0006336916257619862, 2.488512593445697e-6, 0.0007342113353730195, 0.00033326061458199135, 0.0036000816894119487, 3.3061827287388795e-5, 0.0006866902208308929, 5.2743079138843976e-5, 2.9864495774068606e-5, 0.00010213093260932546, 0.00010686708838735393, 9.404523400694366e-5, 2.9903184457194705e-5, 2.999483781650908e-5, 9.974229133367192e-5, 0.001406280261270145, 0.0014293603096894483, 0.0011548157487241582, 0.0003258263699761543, 2.054533336882979e-5, 0.00023034722790416353, 0.0013669667901638032, 0.00032509915072707896, 0.00023281210793657525, 7.350907810648594e-5, 4.088184373352141e-5, 1.3964382692678752e-5, 0.00754156465142176, 0.006459307834087793, 0.009421913424354555, 0.0003449465502935816, 0.005890632615870928, 0.008807412945824539, 0.00030908154249694505, 0.00010508895546934571, 0.00022385448257913887, 8.829109699639084e-5, 0.002176762844636108, 0.0007968702995793872, 0.00010517883616768895, 0.0025433275516230603, 0.01882844396542239, 0.0574672537330623, 9.524372642827133e-5, 0.0007354580145279618, 2.629159386182637e-5, 1.7737432061647185e-5, 1.925536700361167e-5, 0.00019864151295766533, 3.26744846847137e-5, 6.022669318114446e-6, 0.00024442268059168067, 0.0035609862774722296, 0.006040116539987292, 0.011217586216125501, 0.0015456342653517238, 0.0010372780889312519, 5.613071542765434e-6, 0.00033180697347758373, 0.00015582332289056262, 5.3521530576340626e-5, 3.2073257275519115e-5, 0.00011454073028475953, 0.0010219139003443088, 6.707744669785711e-5, 0.010475994759655652, 0.00013615378822120442, 0.00020306966501597648, 0.00019930905966967713, 0.00012499744665161907, 4.098778140055551e-6, 1.4424451974232857e-5, 3.4808355680711334e-5, 4.475103151978417e-5, 1.4385396260813013e-5, 0.000330648288718726, 0.0010138581701127098, 1.4231803465026248e-5, 8.520021728216157e-6, 5.9334152138077606e-5, 2.252101024209901e-5, 7.739147555482252e-6, 9.738489858010946e-6, 3.7958948153272304e-5, 2.331260508200766e-5, 8.240326877637441e-5, 4.5508472851775623e-5, 6.877611076069965e-5, 4.905236542279397e-6, 4.408332452437687e-5, 4.3193688672901655e-5, 3.593875586898644e-6, 1.826989685575417e-5, 6.132622729168591e-5, 3.854404605423134e-6, 5.261900303020831e-7, 6.989309541922202e-6, 7.153280726556431e-5, 5.182671050100269e-5, 3.308092723170982e-5, 8.564498424120347e-5, 5.468423964163644e-6, 3.505414891990556e-6, 5.281788985991853e-5, 3.36685809868547e-5, 4.445332644020458e-5, 1.1555032842759444e-5, 5.028613988524236e-5, 8.855868313275336e-6, 1.3868260693823459e-5, 0.0019337961328627648, 0.001590693451759495, 0.0017043084993019686, 8.198563992535134e-5, 0.0018913816297795414, 0.0010815763758522346, 8.084852209100553e-5, 6.277628881993049e-5, 3.74529065448213e-6, 2.138839872813103e-5, 1.411354831759061e-5, 0.00665655420502816, 1.4091557448091306e-5, 0.007791703377524099, 0.002307949944662342, 0.03848899557240919, 0.0002729037165796217, 0.00724742916127676, 0.0003992127084991137, 1.951659965694196e-5, 5.369018300417118e-5, 0.0004005584234594607, 0.00011502265516899349, 0.0001923298439819648, 0.00012749443901282427, 0.0006821536578052716, 0.014722995698595935, 0.013828548746622343, 0.010061225008950648, 0.0032542565126649774, 7.042482094959327e-5, 0.0006263695580121294, 0.008953098985597398, 0.002642993445638207, 8.173299886772914e-5, 7.03407119037984e-5, 0.00038634386416885663, 4.737574552445998e-5, 0.07838798776162013, 0.06634125553827655, 0.10026830007651032, 0.0022417831167727336, 0.050579408829174444, 0.09531243783687403, 0.0031248887147858964, 0.0003379074559973277, 7.479524538225174e-5, 0.0005953379987075484, 0.023540133781552175, 0.007572046268676666, 0.0007480695518342428, 0.02503869626741119, 0.1907203737794336, 0.6241841252720051, 0.0006790723510283074, 0.006010451933822153, 4.943406839894287e-5, 0.00010738901001276346, 4.1363290067489115e-5, 0.0015550686419373231, 0.00011213644845164787, 2.3700793724676025e-5, 0.0019168267887495162, 0.026625209408932538, 0.055216236654212936, 0.1194199506371906, 0.010558277122634734, 0.01070684569191582, 3.491513147398789e-5, 0.00352616719344993, 0.0015794308171226956, 0.00015308930439034705, 7.120466669978745e-5, 0.0009078908146167072, 0.010203905393241144, 0.00037481989887829306, 0.11062054070659352, 0.0006682059715141034, 0.0015722133946163546, 0.0020804578155037973, 0.0012622296151268975, 2.9129953847864326e-5, 9.960189701701313e-5, 1.2719170946470099e-5, 0.00011017491694848675, 5.574428023855712e-5, 0.003444028830555277, 0.0076751640181499095, 0.00011231425596829438, 5.893566369825196e-5, 0.0006120924844284954, 0.00016871042719519965, 7.358979142512052e-5, 8.188779445506954e-6, 1.4404674520824374e-5, 0.00018953349947225693, 2.660692486545352e-5, 0.00014574616745434204, 0.00020150428949874087, 2.5628354819906725e-5, 0.00045614720629827757, 0.00046033340430698573, 2.221225355823086e-5, 2.101459115605095e-5, 8.07856672681859e-6, 4.321319799938756e-6, 3.3008032174555724e-7, 1.688356199013811e-5, 1.1013232969235738e-5, 0.00010629350414875587, 0.00030506622444328654, 0.0008637055943921876, 4.876118996277861e-5, 1.0436394018825332e-5, 6.391717273775827e-5, 5.0925898331288756e-5, 8.527378718841045e-6, 6.407168466044397e-5, 1.5417643228603727e-5, 6.630267940820663e-6, 0.00013302014037142778, 8.66076287738869e-5, 5.7822969383466635e-5, 7.601489114434723e-5, 1.812958942581412e-5, 8.888306629544949e-5, 4.8658084049497214e-5, 5.427867294332178e-6, 5.6234595310535734e-6, 1.5109496947269055e-5, 1.2835170102524617e-6, 1.0931848498504579e-6, 0.0002960975362553018, 1.0714499020297516e-6, 0.0003453303896727429, 0.00010964999477268596, 0.0017329159596548025, 1.528246943336255e-5, 0.000323162187124801, 1.9824011851675774e-5, 1.9618398524594294e-5, 8.715934127707546e-6, 1.6569237008043098e-5, 2.0637541180812402e-5, 8.819189490771352e-6, 9.435325461029783e-6, 3.836232738492311e-5, 0.0006589853831715851, 0.0006390694724729524, 0.0004693740405133035, 0.00016151961089867035, 4.145399050399165e-6, 5.8390811310706295e-5, 0.00040753432733542827, 0.00012918504384749853, 1.168844250916401e-5, 8.61219429309796e-6, 1.748465180005307e-5, 6.6103969248933366e-6, 0.003542198150080568, 0.0030238770314410576, 0.004478533551069817, 0.00015042110929033023, 0.002324726302963357, 0.004242676731420676, 0.00014004434430204497, 2.8020246580043838e-5, 1.141396589128367e-5, 3.689613257624059e-5, 0.0010512588457125332, 0.0003543068675701047, 5.354091932467501e-5, 0.0011083040110093905, 0.008666191950585773, 0.027927815972928715, 4.914157099676934e-5, 0.0002870401816728353, 3.5011462567048623e-5, 5.41426055822628e-6, 6.408089853806535e-6, 8.702954950117608e-5, 0.00012717577904397537, 1.432349027384247e-6, 0.00013430979135915615, 0.0012403760218523568, 0.0025306689128848274, 0.005332926071648003, 0.0005189974508516652, 0.0004760936392689116, 2.0326850603564345e-6, 0.00015514381352435547, 6.301561555451364e-5, 1.239286690238317e-5, 0.00024137254268408181, 5.729598942217848e-5, 0.0004538557861129159, 3.156645694487078e-5, 0.004979546242946228, 0.0002408786095921267, 8.001312938884543e-5, 7.431272330328618e-5, 5.444269127437198e-5, 1.5396338447931125e-6, 5.274546122177419e-6, 9.13823700758945e-5, 1.9021840545352213e-5, 6.247047817511367e-6, 0.00015478602935739918, 0.00035700589990260564, 5.414831520842659e-6, 1.2886339079499001e-5, 2.3075905378180418e-5, 7.513638740090341e-6, 3.274825707483015e-6, 1.2601068918512495e-5, 1.043731563557266e-5, 8.861463353555159e-6, 1.1155685774490685e-5, 8.534679602611311e-5, 0.00017380123312074613, 9.255081057165868e-6, 1.665050243701235e-5, 1.8570555013915774e-5, 2.8922153785726143e-6, 3.0722123009439828e-6, 5.779156842584086e-6, 2.3482000609861137e-7, 5.376500440083115e-8, 1.3006476556045796e-6, 1.0147670211812544e-5, 1.4578114375268705e-5, 1.446678152405693e-5, 3.203383395465869e-5, 2.766213429459402e-6, 5.743219724913505e-7, 1.8636188956812696e-5, 1.4494699272544695e-5, 2.4860351787530342e-6, 2.974344040344596e-6, 3.6387407033656484e-6, 4.175341926570099e-6, 5.3200781566968905e-6, 0.00012699558452255143, 4.0270057760190964e-5, 0.0001105651678249618, 1.0824651575549798e-5, 0.000144832329831751, 7.457126048437523e-5, 6.052633079137279e-6, 7.3838112288047465e-6, 2.290017593365519e-6, 1.6031638604791995e-6, 1.3470324860529771e-6, 0.00044307241729385667, 1.0343821858112279e-6, 0.0005191633681676799, 0.00017952552437629178, 0.0026916408834601847, 2.2935877906959013e-5, 0.0004903648942556876, 3.280206359535442e-5, 3.3177951503067862e-6, 1.4180913341618187e-5, 2.5323170747433826e-5, 1.2544018675098977e-5, 1.3032009329804351e-5, 9.487867405169256e-6, 5.279033371228658e-5, 0.0010294520160737388, 0.0011326899439076908, 0.0007478145772264115, 0.00022759445795278964, 1.057721264676164e-5, 9.493445801738191e-5, 0.0006341883866987088, 0.00018559212850546337, 9.706674764722346e-6, 6.211756071207485e-6, 2.6582846215173275e-5, 7.214353470105794e-6, 0.005447291158361548, 0.004667559905477875, 0.006909525991242891, 0.00020094174413781262, 0.003876365619028846, 0.0063801565310044606, 0.00021130901677855946, 2.498488897821399e-5, 8.847051356654367e-6, 4.2877310855346106e-5, 0.001608963404475369, 0.000622256954554405, 6.95361836711211e-5, 0.001902066113560942, 0.013265860379108128, 0.041823589372176076, 5.13296812916723e-5, 0.00042257654494873927, 6.266490492036307e-6, 7.088010910936797e-6, 2.9750439303902546e-6, 0.00010774988708046104, 1.9268929774405707e-5, 3.6073649111048947e-6, 0.000146905867047231, 0.002036106392274089, 0.003998095463069354, 0.008079491730333658, 0.0007713162102533991, 0.0007141668083968122, 2.4952675303959847e-6, 0.0002260620946365425, 6.569024946116437e-5, 1.1789179659289946e-5, 1.4107873338231776e-5, 6.720783932814226e-5, 0.000695779776407575, 3.571275150621167e-5, 0.007542102887321471, 6.731209356725717e-5, 0.00010311273079536935, 4.289852057042095e-5, 7.588115524065635e-5, 2.0645067634480173e-6, 5.958926243934524e-6, 8.405407800727606e-6, 1.3747539066859011e-5, 4.8225273667048055e-6, 0.00023405974043930276, 0.0005697147620197338, 8.564851916993623e-6, 4.307490606357024e-6, 1.3120530867762221e-5, 8.651304892288644e-6, 3.337755519273837e-6, 1.0678431847208243e-6, 2.1506149515762314e-6, 1.3092316503494992e-5, 5.140097978231263e-6, 1.5577928465025908e-5, 2.26888674777514e-5, 1.489282447845276e-6, 1.3973984545678948e-5, 2.4113466016189265e-5, 1.2763668574408346e-6, 1.7841344831328633e-6, 1.506682213804622e-6, 4.136569730422632e-7, 6.276794463702662e-8, 1.578831307355328e-6, 3.3188168239103606e-6, 8.833061215988633e-6, 1.7823601162497964e-5, 2.5633701384808038e-5, 2.9636596729828296e-6, 1.0691762314021108e-6, 6.580161388544843e-6, 4.5409564342078004e-6, 1.4067714389069154e-6, 4.929935241851282e-6, 2.0841517778640017e-6, 7.279352627533021e-7, 5.746949505214029e-6]","[1.0968247551835998e-5, 3.5689744176146693e-5, -2.804571649636981e-5, -2.898919471557937e-5, 3.0324804363518585e-5, -0.0001200056909206632, -2.394582335662294e-5, 5.465313628925066e-6, -1.890339629414487e-8, 1.0626566331875184e-7, -1.046018864746777e-6, -2.245807767358929e-5, 1.4303936577414868e-5, -1.2979064017334604e-5, -0.00033590712887368606, 0.000801083360756601, 0.00026073411357988626, 0.00011329490382951807, 0.00013276490755647903, 7.002422926941445e-6, 1.5248896763028243e-6, 2.024570661971175e-6, 6.348457905207185e-5, -9.289663467504459e-6, -1.1560286776859073e-5, -2.34637954308941e-5, 0.0002535691835401678, -0.0010817119242896172, 0.0010100336067614428, 0.000471606927440503, 2.6974795090944123e-5, 2.1171862984352766e-8, -0.0001880101828518803, 0.0013226690574239157, 2.961884596798612e-5, 4.682091645588247e-6, 1.3061962182842925e-5, 5.875183248865267e-6, 7.014375093360625e-5, 0.006105475983365376, 0.006921548324945048, -0.0012243785459078913, 0.0007594225215398674, -0.005735595616911434, 0.00010552644164708272, 8.426577010757497e-5, 1.1532588189219414e-5, 1.4088964531390078e-5, 0.0003154976623076838, -0.0011095522088809089, 0.00019157446310317172, -0.0003076712432314424, 0.005818130876958093, 0.029509915619541402, 0.0014568551807199858, 0.0022549259188857996, -3.925882863656412e-5, -4.129035745023112e-6, 1.1101074901993802e-6, -3.7224419488723036e-6, -2.7622929204097497e-5, -1.6641742767967323e-7, -5.194199273540843e-6, 0.0005885888275577664, 0.003244782964771437, -0.0066567800417535, 0.0029052217550968886, -0.0008739692931949723, 4.314170520998634e-5, -2.34075982137185e-5, 0.00012252270572959533, 2.0808290956391177e-5, 7.1705190982972525e-6, 2.362986064902736e-5, 0.00024642262475398774, 0.00014808060626861743, 0.0004959610450268176, 0.0001696955627288803, -7.654322168651343e-5, 2.3266014574013305e-5, -1.0902971029758688e-5, 1.169004414992359e-5, -3.5609776080618855e-6, 5.717970109875813e-7, -5.1827373453213615e-8, 6.045846728611109e-6, -3.314873574391793e-5, -0.00042568598535817946, -1.1036820937128898e-5, 5.908530960714413e-6, -1.5311415320926145e-6, 9.771662505060792e-7, -3.0290904864400513e-6, 1.3242935772970511e-6, -3.110921757734338e-7, 4.009025983354054e-6, 4.83056447935057e-6, 3.7464466421987044e-6, -5.142592583454609e-6, -3.2205638440469322e-6, 1.1683455630171792e-6, -3.845915927713599e-6, 3.5120372292927853e-6, -1.2217656498637484e-6, 4.294285810416739e-7, 3.0853551090544683e-7, -5.2537723016889484e-8, -1.1313889560111978e-7, 9.559922656654334e-7, 3.2145195338387743e-6, -7.710545158059069e-6, 8.735334897224051e-6, -5.3498163166167665e-6, 1.3821490286323925e-6, -1.4357665374838124e-6, -4.2093201605862204e-6, 2.43694948560318e-7, 1.4482004578839113e-6, 2.181622001597768e-6, 6.843709865912012e-7, 1.278634899932172e-6, 6.704463964443967e-6, 1.8861602575987054e-5, -2.101395281920511e-5, -1.3497388730592755e-5, 2.2524750866122212e-5, -7.76308770031322e-5, -1.5770114214068236e-5, 4.271959125436327e-6, 1.0697536329610548e-5, 3.9386485896476895e-6, -8.004926903606969e-7, -1.2933578518533771e-5, 8.26727568344109e-6, -9.359579392401694e-6, -0.0002178153662848861, 0.0005135641903690896, 0.0001672119205783565, 7.505281198838878e-5, 8.83997986389144e-5, 9.786917775402026e-6, 8.280506897402791e-6, -1.2690662055665596e-7, 5.093873729085027e-5, -3.190963788736212e-6, -6.982455025280904e-6, -1.223607308311215e-5, 0.0001738750166241352, -0.0007452080319424314, 0.0006701947868209013, 0.00030958492348719216, 2.1652795856763347e-5, -5.336524013048059e-6, -0.00012212179451891007, 0.0008676756571186341, 3.018829304694739e-5, 1.3370206158208088e-5, 9.704959579802418e-6, 4.262953194133969e-6, 3.001695722032124e-5, 0.004056743399347592, 0.004534068761717703, -0.0007755667494269752, 0.0005376827516752215, -0.003835476258908942, 7.216624968250842e-5, 5.769426080770145e-5, 2.3763589869421967e-5, 1.9761854223349258e-5, 0.00019647267430567266, -0.0007138616649341571, 0.00011519379530932272, -0.00021392707916824557, 0.0036890971882112605, 0.019624538531238432, 0.0009075498480860165, 0.0014978807277938313, -4.016525907203725e-5, 6.005251679488781e-6, -6.735201939628548e-7, 7.468200957288194e-6, 6.009990278044858e-5, -4.695895794501383e-6, 3.2412157399690396e-6, 0.00038626313116869003, 0.002240345955309764, -0.004408488611100086, 0.001923647357627233, -0.0005691802756152874, 2.718675507934281e-5, -1.5278545962389093e-5, 7.588353501309958e-5, 1.1291291278940933e-5, 5.804063605111681e-5, 0.00012225638956007284, 0.0001712469993997096, 0.00010373299653564929, 0.00030796105081640896, 0.00015609104657032108, 3.5679084852170695e-5, 1.210663729940499e-5, -1.2183465054299922e-5, 8.318502646433154e-6, -2.2921208898661356e-6, 1.6795224024109164e-5, 6.52615620965677e-5, 3.088073298508154e-6, -2.143324788151204e-5, -0.000282456270067221, -7.071476634594627e-6, 2.4718443263609807e-6, 4.6285966088144455e-6, 6.698841558717972e-7, -2.7218776140053563e-6, 4.516293172563573e-6, -1.897009108349154e-5, 6.062344918190835e-6, 7.058856205596764e-7, 5.156602729260856e-5, 0.00019936734380293641, -1.763746860487369e-5, 8.660743779555918e-7, -5.808321542576361e-7, 2.6345701042943957e-6, -3.94436441424886e-6, 5.894533677844316e-6, 4.5380191691533553e-7, -3.370465459224918e-8, -9.206034583198114e-8, 4.372091470671415e-6, 1.8959076207667597e-5, -4.796512356325389e-6, 5.121963319218029e-6, -3.5826736028585714e-6, 7.492504369728385e-7, -2.3351010214789532e-7, 2.1559163470713516e-5, 8.616167266903806e-6, 2.748357479148613e-7, 2.379319152636609e-6, 3.714557402357708e-6, 1.1417710126320705e-6, 0.00017414162173528354, 0.0003758211263235108, -0.0004762214445738562, -0.0004217975820479142, 0.00047070316378562514, -0.0017543894006800112, -0.00035585433766039277, 7.890150604491011e-5, 1.2157084141688245e-5, -3.6433679528875655e-6, -1.4739396511514319e-5, -0.00035729151628385945, 0.00020786096428607268, -0.00019731904653253618, -0.004902551487782313, 0.011396392874084333, 0.003864798509710873, 0.0016670345645781208, 0.0019078694986468482, 8.727437988792283e-5, 1.5106320557675484e-5, -3.193014210862256e-5, 0.0011469189528937073, -0.00016177032879201693, -0.00016687361230050988, -0.0003225373528847618, 0.0038974377528642823, -0.016595563003179558, 0.014500309709575096, 0.007028706809695397, 0.00045512816286754536, -0.0002167792362471532, -0.0028821874775785293, 0.019476774755869654, 0.00046412034461248584, 6.97665826941815e-5, 0.00018965592751149247, 6.740633108322011e-5, 0.0012114210522797741, 0.08904862148154506, 0.10003842211538622, -0.01820142042509268, 0.013378022630284057, -0.0860487845577829, 0.0014795272036509583, 0.001236264272878568, 0.00015804804180074824, 0.00020794400613009171, 0.004547992765177758, -0.016104243904192204, 0.0028100152770205436, -0.0046435822436296055, 0.08147686649745652, 0.4327569738426671, 0.02230610368064297, 0.03342700141637333, -0.0005354172720856523, -6.728342888543895e-5, 1.3579736457169662e-5, -3.2129223253965516e-5, -0.000451816653626423, -1.2810214659181307e-6, -3.528481704027052e-5, 0.008955326449631183, 0.04834420222588124, -0.0983126338781668, 0.04231837177848927, -0.012930502982970488, 0.000632975188238979, -0.00032764035349842186, 0.0016116028997747306, 0.00025264326020427424, 8.8855318380814e-5, 0.0002885683997386234, 0.0037014366955934854, 0.0021736081617811844, 0.0072994203972999005, 0.00277899791139471, -0.0011612477283637404, 0.00016236560203720246, -0.00030220273376813274, 0.00019783063228892643, -5.0112058468120696e-5, -1.4175391426361327e-5, 2.3221001848917964e-5, 8.103560901651617e-5, -0.00048117093425378084, -0.006309578425207881, -0.0001784019175432262, 9.166403874462901e-5, -4.342003925442175e-5, -2.8386488952944575e-5, -4.6003166422186334e-5, 1.8318184566725967e-5, 6.56770548356834e-6, 4.988680458114267e-5, 7.343281578847243e-5, 6.061784439345078e-5, -0.00020060028947593497, -3.2462486302491794e-5, 5.165665024860168e-6, 4.208175990188037e-6, 4.382255475947779e-5, -1.3509114745225781e-5, -1.0980621181831511e-6, 2.751458268163273e-6, -3.67730776813552e-7, -7.470053266013001e-7, 4.809857102525388e-6, 2.056765909728693e-5, -0.00010016456837964004, 7.071627269290663e-5, -9.219490599029416e-5, 2.0907612857293527e-5, -2.7396665747214145e-5, -6.986689294576575e-5, 7.149613379418108e-6, 1.666762007202134e-5, 3.058242260436863e-5, 8.477380541190417e-6, 1.87610009049532e-5, 1.2946993259035575e-5, 3.603860347597184e-5, -4.143625945941245e-5, -3.693072704830211e-5, 2.3856915071506792e-5, -0.00012748947336920185, -2.3921243877772242e-5, -2.2143891381094338e-5, 1.8808522342816502e-5, 8.617200289723218e-6, -1.4170125276677902e-6, -5.430488190933812e-5, 1.4119569204413033e-5, -1.8360773173794554e-5, -0.00041261496825625073, 0.0011135773095327485, 0.0003440144037982003, 0.00014744528859119712, 0.00020040049754665767, 5.923612035574745e-6, -5.7073724738035576e-5, -3.3380389598269833e-7, -0.00025302874675506813, 1.8173126177866566e-5, -1.4701665050547829e-5, -4.357785954443069e-5, 0.0003211039859411368, -0.001512050748230705, 0.0014751721021456481, 0.0006088710059052942, 3.389600054002923e-5, 3.7290822901373064e-5, -0.00031606044223191423, 0.0017846973593918032, -3.7339700695285596e-5, -1.2933578873706476e-5, 3.3779461318697926e-5, 7.780401556170026e-6, 4.275935703046754e-5, 0.008450001437489644, 0.009519458655176085, -0.0015640146136378296, 0.0007554321727671683, -0.00757633801457809, 0.00015747931320961956, 0.00013234590623861873, 2.6983541237942874e-5, -3.4010501076341126e-5, 0.00042310763491590093, -0.0014922138574364513, 0.00023279326365192139, -0.00048210791685968655, 0.008164817183910001, 0.0413641623524568, 0.001900484679797464, 0.0030046198797984616, -8.291587712675992e-5, -4.677298355072225e-6, 6.662209948641749e-6, -4.1724963003799895e-5, -6.304523055888542e-5, 5.1000292200895254e-6, 7.815946545978308e-6, 0.0005114857283809835, 0.0041325507367213875, -0.008849474660660654, 0.004112071810479123, -0.0010765245894256807, 5.206076224899096e-5, -3.241008779737188e-5, 0.0001548778905216331, 4.3827327051202715e-5, -2.5436882808351803e-5, 1.5423421777211333e-5, 0.0003084105330861738, 0.00020362925258147948, 0.000621073976688718, 0.00017909015528571676, -9.041250747002992e-5, 5.099460808537411e-5, -2.1246793761998777e-5, 1.6070862035298802e-5, -7.192277126566644e-6, 1.567279887650574e-5, 3.233090091645831e-5, 1.5014947083893775e-6, -5.3705706595748304e-5, -0.00048744429360534546, 3.0930954321179566e-7, 6.134988309813307e-6, -2.283002850607342e-6, 2.1496699799655045e-7, -2.5162631317370357e-6, 2.178798751861777e-6, -1.8623178682371363e-5, 1.3210019100586283e-5, 4.13477042373316e-5, -5.2149985086263895e-5, -6.078530143640171e-5, -1.639173665692376e-5, 3.834104977672474e-6, 5.304506705396204e-7, 4.75691883898002e-6, -6.6856576358565595e-6, 2.550319920132868e-5, 1.1728255714133374e-5, -9.012515070410884e-7, -1.708544170750349e-6, -4.368638587861663e-6, 6.040837753184484e-5, -7.8665893826586e-6, 1.128344780378229e-5, -8.95878229793172e-6, 1.108401557490808e-6, 1.289215361462983e-5, -5.9909088688771955e-5, -5.058072122364043e-5, 2.546045315019417e-5, -3.136813409641338e-6, -1.028348154283814e-5, -1.3917216841173065e-6, 6.193419047082827e-7, 1.8271619744583223e-6, -6.021579896122158e-7, 6.945869200671029e-7, -6.717541774598434e-6, 1.2366751438847544e-7, 5.354491090870175e-7, -7.264467559820386e-6, 4.123577330253294e-6, 1.5980864258666877e-6, -3.273453981153269e-7, -2.6206645165332155e-6, 1.1558307207566948e-7, -1.1861034795498243e-6, -8.236044497644942e-6, 5.0653064478339014e-5, 1.2421370921780577e-5, 2.261388615261862e-6, 7.410284800491687e-6, 1.155709325231769e-6, -1.7908292813198457e-5, 4.1981379988427026e-6, -7.25233855134737e-5, 6.926018282343502e-6, -1.4139664479247485e-7, -7.737006126364888e-6, 1.0044756869178619e-5, -4.535559531510387e-5, 0.00011252381295521465, -1.5731275238009686e-5, 2.7471425328603983e-6, 8.891289057179255e-6, -2.6948862074274542e-5, 7.092221789015401e-5, -1.4430617404687443e-5, -1.3745922923451108e-6, 4.24612992086439e-6, 4.7554912061464547e-7, -3.1543598669053763e-6, 0.00033445052681911256, 0.0003769170659528547, -5.8103929794208094e-5, -8.359467214823571e-6, -0.00027380712555352986, 7.1952120105408385e-6, 7.205612820539197e-6, 4.1278108037163044e-6, -9.902835003108325e-6, 1.7344714727801332e-5, -5.3631532205889766e-5, 6.1599763646897064e-6, -2.2888196850792545e-5, 0.00035678448982954695, 0.0016257991304295465, 5.665822469477343e-5, 0.00011414101880751176, -3.259389190658161e-5, 2.5867808611905463e-6, 1.4526765735110685e-6, -7.559210130688538e-6, -5.180990085078513e-6, 1.1393976336376496e-6, 7.2406716710117155e-6, -0.0001464701846779394, 0.0002729002980716449, -0.00030431457569241407, 0.00019242444289784694, -2.1527081986797477e-5, -7.515884426693813e-8, -1.3551609259511432e-6, 6.971401625000657e-6, 7.243007398019356e-6, -7.308446586282852e-6, -2.1696848736832094e-6, 2.9127721038485098e-6, -7.008745762263709e-7, 1.6742778952524157e-5, -3.628698181364141e-5, 1.7819012649265614e-5, 1.290293505873581e-5, 1.202228469592264e-6, 5.007881687772719e-7, -9.242293473685909e-7, 4.516386694312403e-6, 6.28905301682889e-6, -2.1320356865352826e-6, -2.785105202856783e-6, -1.0482215900009268e-6, 4.1252143912603925e-6, -1.1347954015220648e-6, 8.903353798894688e-7, 1.144332383076806e-6, 2.1964261185682642e-7, 9.488010576589722e-9, -5.348770789928266e-6, 1.7247068294240237e-6, 8.908392810506524e-6, -1.4230020646335828e-5, -1.1440857436419323e-5, -4.0895328739240576e-6, 9.705995581209097e-7, 1.0901554704583708e-7, 2.1435831356318193e-7, -1.7001351630110875e-6, 6.2448894572221525e-6, 3.108431262548281e-6, -2.1967555344877196e-7, -4.482345625977588e-7, -5.19196954608587e-7, 1.521388254213012e-5, 7.309419646614923e-8, 2.184428885444647e-6, -7.560785130690702e-7, -2.1506872519960057e-7, 3.5093270326770447e-6, -1.2083084432469235e-5, -1.1283785015278429e-5, 5.250424460290963e-6, -1.3277200945947072e-6, -2.8430238486412012e-6, -7.314589071698231e-7, 1.7213374166731533e-6, -5.3383696464164715e-6, -6.467336955194667e-6, -2.883171826850348e-6, 1.42705154880247e-6, -1.0694592476225527e-5, -1.3684983670792308e-6, -6.962372743035119e-7, 9.206525144771953e-7, 1.2814475230786028e-7, -1.7982635321014268e-7, 1.2200627859827035e-7, 9.765122700168506e-7, -4.888924103931816e-7, -3.705716800791103e-5, 8.92916648466825e-5, 2.901222497358151e-5, 1.063034868547608e-5, 1.5453176869503543e-5, 6.346149152351667e-7, -1.9972785217811607e-6, 1.0734914533062e-6, -4.395929900807101e-6, 4.429298664384261e-7, -8.473037057187775e-7, -3.4222004756320756e-6, 2.932057752807549e-5, -0.000109224776197475, 0.0001084056338687381, 3.912703476505891e-5, 1.5020089946977955e-6, 5.435462856846415e-7, -1.3285787227168143e-5, 0.00011497576697886675, -2.2729756421520234e-6, -4.798615932050999e-7, 2.3524524956867066e-6, 2.188722007274036e-7, 8.080330276334917e-6, 0.0005960253902739169, 0.0006338675481766995, -9.789441346468416e-5, 5.804740782417838e-5, -0.00048353146728861334, 8.63504317768658e-6, 1.0141193827954904e-5, 2.137017201474657e-6, -2.462949520441282e-6, 3.143982416905198e-5, -0.00011794514574801733, 1.8841073787181678e-5, -3.021134077679983e-5, 0.0005018284285615887, 0.002590205516197599, 0.00012780478962815455, 0.00022118562526204097, -7.188621231136723e-6, -1.3014807905844215e-7, 4.6376259970216244e-7, -1.6198910380776986e-6, -4.123674140325785e-6, 4.8624810154891673e-8, 9.500190383628961e-7, 2.1835968206728763e-5, 0.00025214236994524795, -0.000567311415547226, 0.00026798838464972617, -8.229632697568843e-5, 3.7476657757671075e-6, -1.5265464700176326e-6, 5.171529396979374e-6, -5.507388865675852e-7, -1.1922928169244736e-6, 1.0485310661539644e-6, 1.8492221232302536e-5, 1.1934962630262948e-5, 4.983241688217134e-5, 9.417495729765297e-6, -4.698139799504738e-6, -7.2318244082858994e-6, -9.340387780108414e-6, 2.186836513956027e-6, -4.0992825650707637e-7, 5.870578367341944e-7, 1.55147142421176e-6, 4.112830241610396e-7, -2.4081417021712317e-6, -3.76225886679518e-5, -3.180801034854963e-7, 3.905266699136961e-7, -1.3540523609349925e-6, -4.216489991133417e-6, 6.336922632335998e-7, 3.070170937781707e-7, -6.488377925589718e-7, 8.405244324624888e-7, 2.0656282696583997e-6, -2.012191419364863e-6, -2.5454322584079515e-6, -5.734479419246784e-7, -1.0185595755062753e-6, 6.226297658272831e-6, -3.734152537747978e-7, -1.0557512966549026e-7, 1.2272360804008002e-6, 4.186917487462513e-7, -3.6225032300327316e-8, -6.160241243944264e-8, -2.501177925515706e-7, 3.094853287037336e-6, 8.77625172360344e-7, -4.868052429541064e-6, -2.1660795734329454e-6, 9.165777567661515e-8, 8.353546220901849e-7, -3.837614475202272e-6, -2.8506997193921703e-6, 1.6275328066743533e-6, 1.2414668281698947e-8, -1.5788124130560084e-7, -1.2206310395952713e-7, 6.193419047041899e-7, 1.827161974459271e-6, -6.021579896148179e-7, 6.945869200631997e-7, -6.717541774581195e-6, 1.2366751436614087e-7, 5.354491090805123e-7, -7.2644675598219585e-6, 4.123577330252264e-6, 1.5980864258679887e-6, -3.273453981185795e-7, -2.620664516535316e-6, 1.155830720784342e-7, -1.186103479548957e-6, -8.236044497652911e-6, 5.065306447834297e-5, 1.242137092176865e-5, 2.2613886152620787e-6, 7.410284800487838e-6, 1.1557093252331785e-6, -1.7908292813193036e-5, 4.1981379988393144e-6, -7.252338551343141e-5, 6.926018282344505e-6, -1.4139664479247485e-7, -7.737006126370093e-6, 1.0044756869193039e-5, -4.535559531511726e-5, 0.00011252381295517964, -1.573127523799055e-5, 2.7471425328599646e-6, 8.891289057179553e-6, -2.694886207427335e-5, 7.092221789014946e-5, -1.4430617404689178e-5, -1.3745922923429424e-6, 4.246129920874582e-6, 4.75549120609875e-7, -3.154359866893992e-6, 0.00033445052681912025, 0.00037691706595286377, -5.810392979420419e-5, -8.359467214801887e-6, -0.00027380712555357995, 7.195212010531731e-6, 7.205612820560339e-6, 4.127810803708932e-6, -9.902835003115264e-6, 1.7344714727789623e-5, -5.3631532205886974e-5, 6.159976364689232e-6, -2.2888196850791298e-5, 0.00035678448982952445, 0.001625799130429607, 5.6658224694761724e-5, 0.00011414101880751816, -3.2593891906572935e-5, 2.586780861188378e-6, 1.4526765735141042e-6, -7.559210130688972e-6, -5.180990085077537e-6, 1.1393976336453949e-6, 7.240671671007812e-6, -0.00014647018467784477, 0.00027290029807159905, -0.00030431457569245234, 0.0001924244428978901, -2.152708198683304e-5, -7.515884426661287e-8, -1.3551609259485412e-6, 6.971401624998407e-6, 7.243007398024669e-6, -7.308446586284803e-6, -2.1696848736796857e-6, 2.9127721038580507e-6, -7.0087457623106e-7, 1.67427789525215e-5, -3.628698181361084e-5, 1.7819012649252956e-5, 1.2902935058729033e-5, 1.2022284695920472e-6, 5.007881687777056e-7, -9.242293473707593e-7, 4.516386694309801e-6, 6.289053016829676e-6, -2.1320356865344153e-6, -2.7851052028589514e-6, -1.0482215900156177e-6, 4.12521439125302e-6, -1.1347954015222816e-6, 8.903353798875307e-7, 1.1443323830746918e-6, 2.1964261185552537e-7, 9.488010569921879e-9, -5.348770789932169e-6, 1.7247068294221806e-6, 8.908392810501184e-6, -1.4230020646344556e-5, -1.144085743641889e-5, -4.08953287392563e-6, 9.70599558127686e-7, 1.0901554704616234e-7, 2.1435831355429147e-7, -1.700135163008919e-6, 6.244889457219984e-6, 3.108431262547793e-6, -2.196755534479046e-7, -4.4823456259905983e-7, -5.191969546136828e-7, 1.5213882542120118e-5, 7.30941964633032e-8, 2.184428885443671e-6, -7.560785130675523e-7, -2.15068725197649e-7, 3.509327032674768e-6, -1.2083084432462296e-5, -1.1283785015291656e-5, 5.250424460289012e-6, -1.3277200945950324e-6, -2.843023848639087e-6, -7.314589071751899e-7, 1.2946993259022944e-5, 3.6038603475810945e-5, -4.14362594593023e-5, -3.693072704833052e-5, 2.385691507155233e-5, -0.00012748947336931526, -2.3921243877785686e-5, -2.2143891381099434e-5, 1.8808522342823007e-5, 8.617200289714978e-6, -1.4170125276658386e-6, -5.430488190926418e-5, 1.411956920441756e-5, -1.8360773173789458e-5, -0.000412614968256099, 0.001113577309532395, 0.0003440144037978421, 0.00014744528859105726, 0.00020040049754658043, 5.923612035589219e-6, -5.707372473800771e-5, -3.3380389599570875e-7, -0.0002530287467549866, 1.8173126177868518e-5, -1.470166505055287e-5, -4.357785954445161e-5, 0.00032110398594095783, -0.0015120507482300064, 0.0014751721021448799, 0.0006088710059049653, 3.3896000540024895e-5, 3.72908229013452e-5, -0.0003160604422317642, 0.0017846973593908335, -3.733970069536366e-5, -1.29335788736952e-5, 3.377946131877946e-5, 7.780401556171327e-6, 4.275935703043458e-5, 0.008450001437485354, 0.009519458655171061, -0.0015640146136369757, 0.0007554321727667508, -0.007576338014574247, 0.00015747931320950334, 0.00013234590623885639, 2.6983541237920322e-5, -3.401050107643307e-5, 0.0004231076349156017, -0.0014922138574357542, 0.00023279326365179738, -0.0004821079168594233, 0.008164817183905855, 0.04136416235243531, 0.0019004846797962536, 0.0030046198797971206, -8.29158771268471e-5, -4.677298355083284e-6, 6.662209948639581e-6, -4.172496300377908e-5, -6.304523055885572e-5, 5.100029220084538e-6, 7.815946545995439e-6, 0.0005114857283807089, 0.004132550736719126, -0.008849474660655802, 0.0041120718104775186, -0.0010765245894252206, 5.2060762248944126e-5, -3.241008779734911e-5, 0.00015487789052167798, 4.3827327051255516e-5, -2.543688280831971e-5, 1.542342177727465e-5, 0.00030841053308604195, 0.0002036292525813433, 0.000621073976688283, 0.0001790901552856871, -9.041250747006662e-5, 5.099460808543439e-5, -2.124679376206383e-5, 1.6070862035272998e-5, -7.19227712657174e-6, 1.567279887648102e-5, 3.2330900916482594e-5, 1.5014947083762857e-6, -5.3705706595734426e-5, -0.0004874442936051522, 3.0930954319434e-7, 6.134988309821222e-6, -2.2830028505965e-6, 2.149669979679275e-7, -2.5162631317274134e-6, 2.1787987518448633e-6, -1.8623178682391638e-5, 1.3210019100548228e-5, 4.134770423727414e-5, -5.2149985086331224e-5, -6.078530143638247e-5, -1.6391736656910317e-5, 3.8341049776587045e-6, 5.304506705738812e-7, 4.756918838963757e-6, -6.685657635852223e-6, 2.5503199201307863e-5, 1.1728255714140584e-5, -9.012515070445579e-7, -1.7085441707536016e-6, -4.368638587888118e-6, 6.040837753178575e-5, -7.866589382636373e-6, 1.1283447803733283e-5, -8.958782297921854e-6, 1.1084015574935185e-6, 1.2892153614609773e-5, -5.9909088688782364e-5, -5.0580721223707215e-5, 2.5460453150162512e-5, -3.1368134096557035e-6, -1.0283481542834724e-5, -1.39172168413422e-6, 0.00017414162173520482, 0.00037582112632170844, -0.00047622144457240903, -0.00042179758204771776, 0.00047070316378529153, -0.0017543894006788333, -0.0003558543376601818, 7.890150604488615e-5, 1.215708414166114e-5, -3.6433679528767235e-6, -1.4739396511514319e-5, -0.0003572915162824951, 0.00020786096428592523, -0.00019731904653232644, -0.004902551487779295, 0.011396392874079328, 0.003864798509708865, 0.0016670345645772603, 0.0019078694986458889, 8.727437988789147e-5, 1.5106320557679766e-5, -3.1930142108543575e-5, 0.0011469189528929159, -0.0001617703287918903, -0.00016687361230031212, -0.0003225373528844542, 0.0038974377528621035, -0.016595563003170565, 0.014500309709568115, 0.007028706809691681, 0.0004551281628672928, -0.0002167792362470231, -0.0028821874775768605, 0.019476774755859516, 0.0004641203446123061, 6.97665826941158e-5, 0.00018965592751131292, 6.74063310831933e-5, 0.0012114210522791865, 0.08904862148149836, 0.10003842211533248, -0.01820142042508243, 0.013378022630276435, -0.08604878455773576, 0.0014795272036502065, 0.0012362642728775692, 0.00015804804180068579, 0.0002079440061300735, 0.004547992765175785, -0.016104243904184135, 0.002810015277018963, -0.004643582243627096, 0.08147686649741304, 0.43275697384242895, 0.022306103680631004, 0.03342700141635474, -0.0005354172720851633, -6.728342888537775e-5, 1.3579736457198718e-5, -3.212922325409836e-5, -0.00045181665362624163, -1.2810214659142276e-6, -3.5284817040240595e-5, 0.00895532644962636, 0.04834420222585482, -0.09831263387811229, 0.042318371778466875, -0.012930502982962413, 0.0006329751882386638, -0.00032764035349835377, 0.00161160289977531, 0.00025264326020439827, 8.885531838077453e-5, 0.00028856839973838487, 0.0037014366955914813, 0.0021736081617799983, 0.007299420397295943, 0.002778997911392652, -0.001161247728363111, 0.00016236560203823636, -0.00030220273376906776, 0.00019783063228881502, -5.0112058468117227e-5, -1.4175391426330102e-5, 2.3221001848880668e-5, 8.103560901647649e-5, -0.00048117093425348225, -0.006309578425204307, -0.00017840191754311203, 9.166403874458158e-5, -4.3420039254267115e-5, -2.8386488953180064e-5, -4.600316642205211e-5, 1.831818456671068e-5, 6.567705483580049e-6, 4.9886804581164785e-5, 7.343281578848127e-5, 6.061784439347198e-5, -0.00020060028947586775, -3.246248630243238e-5, 5.165665024768878e-6, 4.20817599056187e-6, 4.3822554759354775e-5, -1.3509114745197158e-5, -1.0980621181582687e-6, 2.751458268148311e-6, -3.67730776815612e-7, -7.47005326594578e-7, 4.809857102536772e-6, 2.056765909731371e-5, -0.0001001645683793833, 7.071627269235152e-5, -9.219490599013305e-5, 2.0907612857282414e-5, -2.7396665747172837e-5, -6.986689294572325e-5, 7.149613379459931e-6, 1.666762007206346e-5, 3.058242260436136e-5, 8.477380541194537e-6, 1.8761000904930596e-5, 6.704463964436053e-6, 1.8861602575918587e-5, -2.1013952819148678e-5, -1.3497388730548086e-5, 2.252475086607711e-5, -7.763087700310152e-5, -1.577011421403018e-5, 4.271959125425485e-6, 1.0697536329615752e-5, 3.9386485896402085e-6, -8.004926903637868e-7, -1.293357851847479e-5, 8.267275683422007e-6, -9.359579392376324e-6, -0.00021781536628479357, 0.0005135641903689479, 0.00016721192057830977, 7.505281198837621e-5, 8.839979863892958e-5, 9.7869177753695e-6, 8.280506897386311e-6, -1.269066205537286e-7, 5.093873729077611e-5, -3.190963788727281e-6, -6.982455025270767e-6, -1.2236073083078322e-5, 0.00017387501662398885, -0.0007452080319420637, 0.000670194786820633, 0.0003095849234870452, 2.1652795856750336e-5, -5.3365240130514744e-6, -0.0001221217945189361, 0.0008676756571181987, 3.0188293046964736e-5, 1.3370206158195078e-5, 9.704959579786318e-6, 4.262953194142643e-6, 3.0016957220335445e-5, 0.004056743399345858, 0.004534068761715676, -0.0007755667494266808, 0.0005376827516750044, -0.0038354762589070564, 7.216624968247112e-5, 5.769426080769977e-5, 2.3763589869413293e-5, 1.9761854223334513e-5, 0.00019647267430563105, -0.0007138616649338656, 0.00011519379530928499, -0.0002139270791681842, 0.0036890971882095037, 0.01962453853122957, 0.0009075498480855815, 0.0014978807277931578, -4.0165259071908883e-5, 6.005251679502225e-6, -6.735201939628548e-7, 7.4682009572907965e-6, 6.009990278049021e-5, -4.695895794500516e-6, 3.2412157399721838e-6, 0.0003862631311685686, 0.002240345955308723, -0.0044084886110979955, 0.0019236473576258852, -0.0005691802756148169, 2.718675507932698e-5, -1.527854596238736e-5, 7.588353501311942e-5, 1.129129127893497e-5, 5.804063605114804e-5, 0.00012225638956007284, 0.00017124699939957618, 0.00010373299653565699, 0.00030796105081646696, 0.000156091046570557, 3.567908485202498e-5, 1.2106637299447707e-5, -1.2183465054336432e-5, 8.318502646428166e-6, -2.292120889865268e-6, 1.679522402412044e-5, 6.526156209655382e-5, 3.0880732985080457e-6, -2.143324788150998e-5, -0.00028245627006706197, -7.07147663456557e-6, 2.471844326380632e-6, 4.628596608809241e-6, 6.69884155865292e-7, -2.7218776140010194e-6, 4.516293172563898e-6, -1.8970091083504552e-5, 6.062344918186173e-6, 7.058856205692174e-7, 5.156602729260509e-5, 0.00019936734380296417, -1.7637468604867618e-5, 8.660743779506045e-7, -5.808321542420235e-7, 2.634570104285424e-6, -3.944364414249727e-6, 5.894533677843882e-6, 4.5380191691712446e-7, -3.3704654599838596e-8, -9.206034583568098e-8, 4.37209147066968e-6, 1.8959076207658923e-5, -4.796512356316281e-6, 5.121963319195484e-6, -3.582673602850928e-6, 7.492504369717272e-7, -2.3351010214429035e-7, 2.1559163470710047e-5, 8.616167266896e-6, 2.7483574791356026e-7, 2.3793191526403495e-6, 3.7145574023598766e-6, 1.1417710126270832e-6, 1.0968247551839901e-5, 3.568974417612024e-5, -2.804571649635669e-5, -2.8989194715594007e-5, 3.032480436353604e-5, -0.00012000569092067903, -2.3945823356638987e-5, 5.465313628929755e-6, -1.8903396295771174e-8, 1.0626566331918552e-7, -1.046018864749379e-6, -2.2458077673561533e-5, 1.4303936577416765e-5, -1.2979064017341543e-5, -0.00033590712887353503, 0.0008010833607563494, 0.000260734113579875, 0.00011329490382951574, 0.00013276490755646233, 7.002422926947734e-6, 1.5248896762995717e-6, 2.024570661972422e-6, 6.34845790520467e-5, -9.289663467495352e-6, -1.1560286776853435e-5, -2.346379543088868e-5, 0.000253569183540106, -0.001081711924289338, 0.0010100336067612715, 0.0004716069274404458, 2.6974795090943635e-5, 2.1171862988689574e-8, -0.00018801018285181503, 0.0013226690574237318, 2.9618845967950666e-5, 4.6820916455862956e-6, 1.3061962182854417e-5, 5.875183248864075e-6, 7.014375093359552e-5, 0.006105475983365044, 0.006921548324944382, -0.0012243785459078328, 0.000759422521539846, -0.005735595616910584, 0.00010552644164706299, 8.426577010757627e-5, 1.1532588189222016e-5, 1.4088964531386826e-5, 0.00031549766230757345, -0.0011095522088806341, 0.00019157446310315128, -0.00030767124323142093, 0.005818130876957102, 0.029509915619538685, 0.0014568551807196935, 0.0022549259188855354, -3.9258828636603096e-5, -4.129035745026582e-6, 1.110107490206319e-6, -3.722441948896156e-6, -2.7622929204098798e-5, -1.664174276837932e-7, -5.194199273536506e-6, 0.0005885888275577298, 0.0032447829647711916, -0.0066567800417524576, 0.002905221755096668, -0.0008739692931949307, 4.3141705209990677e-5, -2.3407598213723377e-5, 0.00012252270572959533, 2.080829095637524e-5, 7.170519098283375e-6, 2.3629860648998954e-5, 0.0002464226247539526, 0.00014808060626859357, 0.0004959610450267103, 0.00016969556272880489, -7.654322168645315e-5, 2.326601457405559e-5, -1.0902971029797502e-5, 1.1690044149930177e-5, -3.5609776080675233e-6, 5.717970109908339e-7, -5.182737345630359e-8, 6.045846728606162e-6, -3.3148735743923456e-5, -0.00042568598535815854, -1.1036820937135186e-5, 5.908530960712895e-6, -1.5311415320906087e-6, 9.771662505004414e-7, -3.029090486441786e-6, 1.3242935772927143e-6, -3.1109217577484326e-7, 4.009025983357957e-6, 4.830564479339945e-6, 3.7464466421865614e-6, -5.142592583464584e-6, -3.2205638440480707e-6, 1.1683455630183718e-6, -3.845915927718369e-6, 3.51203722929452e-6, -1.221765649865429e-6, 4.2942858103755394e-7, 3.08535510908591e-7, -5.2537723021876814e-8, -1.1313889560198714e-7, 9.559922656684691e-7, 3.2145195338452795e-6, -7.710545158053214e-6, 8.73533489720562e-6, -5.349816316615845e-6, 1.3821490286370817e-6, -1.4357665374855472e-6, -4.209320160591425e-6, 2.4369494855836643e-7, 1.4482004578781921e-6, 2.181622001594082e-6, 6.843709865892496e-7, 1.2786348999334189e-6, 0.0002837158849743832, 1.7531528391040929e-6, 0.0002844843729422127, 3.3418081059417165e-5, 0.0007391297527527131, -4.350391720161226e-5, 6.23649507991179e-5, 1.3945998806472008e-5, 1.0368921811573437e-6, -3.0195241554516195e-7, -2.6275391805675986e-6, -6.181982558952802e-5, 2.1292540435024e-6, 7.598063860630392e-5, 0.00010200533200963025, 0.00196164981629818, -0.00016547424213389386, -0.0006992751343684158, -8.133053551590539e-5, -2.3903501088413416e-6, -1.2507249995672744e-6, 4.696799959113445e-5, 3.820711972297639e-5, -7.3139584123480764e-6, 6.045972921813738e-6, -4.102175272529358e-5, -2.9380687779201938e-5, 0.002820343675853576, 0.0021192960455150246, 0.0015572813977680604, -9.451618259904808e-6, 0.0003647613754714546, 0.0024432518646042884, -0.000234369223431969, -9.620568919564785e-6, -4.2850510182316625e-6, -3.86875808505412e-5, -4.6933403013413094e-5, 0.00213858897655252, 0.0005116194660545358, -0.004093336032544061, 0.0015518478011960339, 0.015428669254337668, -0.0005900529923587219, -0.00036079281806712963, 9.1487877464198e-6, -5.173949532439248e-6, -2.0650985131690186e-6, 0.00048405216393836896, 6.606064346625982e-5, -1.8494356173982753e-6, 0.0006068722168501039, 0.005869815117422452, 0.015736466673561027, -0.0006332929802677069, 0.0006755701368810724, 4.972808439464619e-5, -3.92705453938812e-6, 4.4344299426400755e-6, -7.484837783895454e-5, 5.085673037828319e-6, 6.264742779570672e-7, -0.00010095388442857636, -0.0013479457596397057, -0.00034370970938351865, 0.009699809390193253, 0.00021061539209020225, 0.00031783545645472675, 1.971382781863415e-6, 0.00014986582680013194, 1.0214947414393175e-5, -5.981084479341473e-6, 9.983952132400567e-6, 2.950290358213017e-5, 5.762110642259751e-5, -8.823958038592632e-5, 0.002482461715904161, -1.938999744096649e-5, 2.0286858670457656e-5, -5.5447737021241915e-6, 1.700889593423812e-5, -2.3774611584261376e-6, 1.6004743660953799e-6, 1.2945211780128474e-8, -9.587290448179208e-6, -3.2389642513096836e-6, 5.8045026625369936e-5, 9.365597438683467e-5, 2.370590149270468e-6, 3.7736840370261246e-6, 1.8229095821308168e-6, 1.3394456548692854e-6, 2.0705083307336384e-6, -1.489659395235163e-7, -1.9788112770764699e-7, 9.833688246682626e-8, -1.1093144982026598e-7, 7.784823561132748e-7, 1.4557548389430765e-5, 3.0032150802200845e-6, 3.6964187224387476e-6, 7.162419520039161e-6, 7.012561605255769e-7, 2.950416908055649e-6, 1.484874587213145e-6, 2.3019657797139232e-7, -3.7124819588319825e-8, 7.85824152448435e-7, -7.717832291521043e-7, 6.0947140548555e-6, 4.5860356102908444e-5, 4.374947456786335e-6, 1.9683214289421434e-5, -1.6175467838536357e-6, 2.7451377480237557e-5, 1.8896647924459653e-5, -1.7966030410410203e-6, -4.478868184956035e-6, -5.217025650537319e-7, 6.347271181064013e-7, -2.0302353052567036e-6, 0.00018740832347712987, 1.5951927641896617e-6, 0.00019048874200313994, 3.401486202827663e-5, 0.00047453646415213075, -2.8098033200217153e-5, 4.065153253126892e-5, 1.057697086087302e-5, 2.7477777297932326e-5, 5.915084265136806e-7, -1.3773297494155956e-6, -3.7443510086217473e-5, 1.0486706098805816e-6, 5.040968344200255e-5, 7.677586060619423e-5, 0.0013145260417284194, -0.00010507256580580553, -0.0004682543260542837, -4.813288079031394e-5, 2.1178646123073616e-9, 1.2893433602126358e-5, 2.622832040696842e-5, 3.885955002119572e-5, -3.4209987271960145e-6, 6.603912978138827e-6, -2.769742936620462e-5, -1.8694250221771343e-5, 0.001845676134276139, 0.001470370617903341, 0.0009863738158602743, -2.0133852645196505e-6, 0.00032696734858947245, 0.0016547573682779287, -0.0001524125686461152, 8.514596747877072e-6, 7.638492646237956e-6, -2.272268181832942e-5, -2.5254361399180926e-5, 0.0013484491039955637, 0.0003246693669973008, -0.002568521480364367, 0.0009689824911378476, 0.010126169490468679, -0.00037703173400184016, -0.00023524992831140684, 4.1378195085792683e-5, 9.116404535620699e-9, 7.79971552278963e-7, 0.00032915171406925335, 9.728360037554104e-5, 4.467353035645283e-6, 0.0003870009760216014, 0.004136068021978315, 0.01050546571718111, -0.0004142564054468692, 0.00047117422009532, 3.455068274646304e-5, -2.6418580488540323e-6, 3.98077771028983e-6, -4.695977540471836e-5, -2.6587667659727643e-5, 7.128935533037232e-6, -8.219382917176027e-5, -0.0009191011273412227, -0.00026415521356177186, 0.006473139371439359, 0.00029771792129295455, 0.00021724457996930208, 1.5403215347730521e-6, 9.964712737795933e-5, 6.062514383722937e-6, -1.372655043191482e-7, 0.00027209500490943395, 4.303006216370246e-5, 3.577478746654003e-5, -5.461835178751208e-5, 0.001634560995827859, -6.023250434132816e-6, -5.5705379346793205e-6, -1.0650972565552955e-5, 1.2845303586959021e-5, -1.701325948766109e-6, -4.859080120869861e-6, 5.3520573901878754e-5, -2.373054837579965e-6, -3.816024835495875e-6, 5.318211180877722e-5, 4.816616682345575e-5, 1.4526179744128384e-6, 3.877446807568378e-6, -7.362175255180934e-7, 2.504355342805055e-6, 2.6734867466040885e-6, 1.3437960173878598e-5, -4.0160689723832757e-7, -1.802415997343202e-8, 3.4397460473816876e-6, 5.0049016161776705e-5, 8.155054881920157e-5, 7.4286427859202725e-6, -2.221713118360862e-6, 4.843360781913927e-6, 1.6275369056715366e-7, 1.2209304092533277e-5, 1.4925767410689517e-5, 3.655683199795109e-7, -2.5345573133328525e-8, -1.142679152220773e-6, -9.207937825220051e-6, 4.292083212842791e-6, 3.090250026711457e-5, -3.885202147644822e-6, 1.1259570727077369e-5, 3.8334346369434764e-7, 2.3033159020692875e-5, 1.4846494320754143e-5, -1.6448462765592193e-6, -2.0869810752179117e-6, 1.0407598360403364e-5, 1.3436144237050605e-6, -1.2962176860074805e-6, 0.004135801284734611, 3.805065951345451e-5, 0.004194750050640124, 0.0005192057758726478, 0.010536623229330896, -0.0006492959780689116, 0.0009337995488328693, 0.00017402228582140747, 4.113645062609481e-6, -1.8301680885249305e-5, -1.2761342426077316e-5, -0.0009779611087936979, 3.218963129626544e-5, 0.0010671658409700923, 0.001511595055140872, 0.029059848729838883, -0.002200302328107241, -0.010511859895645775, -0.0012431073373796466, -2.3650982143026255e-5, 0.00014965520244133768, 0.00044432959941589526, 0.0006328692311460722, -0.00011922088563502903, 9.3934488409129e-5, -0.0006250209818329784, -0.0003840208173082015, 0.04060148100631057, 0.03207239360384202, 0.022450941731921466, -0.0004191875269075804, 0.006995550683391355, 0.03627351038612408, -0.0034714414442327847, -0.00015996650523685462, -6.656120991674276e-5, -0.0005685712432292849, -0.0006245539161711701, 0.029864318552842797, 0.008345490253758402, -0.05755088921846911, 0.02569465340945791, 0.22369428504628913, -0.008506403383091457, -0.005340400359035437, 0.00012194453597542005, -8.168621235065884e-5, -1.9263311169627386e-5, 0.007095509015729339, 0.0010657074868665047, -2.3934903392786554e-5, 0.008579101001650283, 0.08997863781024877, 0.23184852939582096, -0.009160047863461022, 0.00985817063596433, 0.0007162441113284856, -5.93052133928333e-5, 4.869594464757985e-5, -0.0011344565941971891, 0.00010335312168000151, 4.937042934801111e-6, -0.001576259329123011, -0.0206337552739742, -0.004891806725079127, 0.14295934304535868, 0.003269625600481193, 0.004657830715600728, 4.121031779107299e-5, 0.002208356497325035, 0.00014326198192567868, -8.876003631893398e-5, 2.1394313155020245e-5, 0.0003553527828071745, 0.0008533419437980962, -0.0012876328217642846, 0.036111924389323105, -0.0003311594429852385, 0.0003079270904134941, -0.0002691919805462694, 0.0002790351244971116, -4.047491317018723e-5, 2.645944179478928e-5, -8.826095705836187e-6, -0.00015510642627349633, -3.847506025111643e-5, 0.0008529058255298765, 0.001493767641306941, 3.7495075174498156e-5, 6.535152808406688e-5, -5.549408510492713e-5, 1.9314652483549814e-5, 2.8779273550477887e-5, -5.43370235365462e-6, -4.245543609297846e-6, 1.986206069299907e-6, -1.4938033423349712e-5, -1.2745800958750375e-5, 0.00016391036800785473, 3.6122517343184165e-5, -8.924179753779654e-5, 0.00011031810255985827, 8.945289032135251e-6, 3.977333958623175e-5, 1.3249716053374046e-5, 2.2558138500184896e-6, -6.442617038005059e-7, 1.4398143604300861e-5, 3.1430334724745143e-7, 8.294705627446105e-5, 0.0006482832325740715, -0.00014440401205513022, 0.00028312508165928725, -3.1381587313307284e-5, 0.0004225435129537937, 0.00027145446745683536, -1.9345178796378783e-5, -6.911820011340627e-5, -6.558163201798471e-6, 1.0679275850176222e-5, -3.3904837648530365e-5, 0.00039800854119370155, 4.7056791402288935e-6, 0.0003921598727052351, 2.853839734731113e-6, 0.0009380089999599433, -5.9111598666008514e-5, 7.440607965386288e-5, 4.7178968291897334e-5, -2.34384651390928e-5, 2.5720984404225525e-5, -2.3735918793701375e-5, -2.6222720867593598e-5, 1.8465138935486007e-7, 0.00010646576576499984, 9.049294585481826e-5, 0.002760235475641642, -0.00023107297583234172, -0.0008869139168902602, -0.00012936442404980078, 8.977158443984135e-6, -8.286191251629044e-5, 0.00028290259793358787, -1.4438149863152568e-6, 1.9183109687573134e-5, -3.262913196316712e-5, -4.674698371872482e-5, -3.237945360503691e-5, 0.00380037352232795, 0.002745372879446412, 0.0020523824040984033, 2.1936383934211857e-5, 0.0002920435891235083, 0.0032213468986035197, -0.00030257806950003893, -6.884121609385292e-6, -4.6235757231215605e-6, -5.014841477473243e-5, -5.574966730367923e-5, 0.002962736900591902, 0.0006203080569510873, -0.005365595715820087, 0.0017239316809407109, 0.02148021915275776, -0.0008524848358627197, -0.0004534093960915375, -2.7974960307689326e-5, 1.5870321578437784e-5, -7.127053035600381e-6, 0.0006747846195063012, 7.580932567697522e-5, 6.348973865361496e-6, 0.0007498848630467844, 0.0069814959300989535, 0.021866924864308482, -0.0008895524123035207, 0.0007478101677184969, 7.60625930692801e-5, -6.825077554324741e-6, 1.0010618845101635e-5, -8.302389716884854e-5, -9.6784979703975e-6, 4.917958085719383e-6, -0.00011815130986668042, -0.001466515063910948, -0.0005393272161991601, 0.013422453671027927, 0.00014974752927398444, 0.00044172504955151644, 5.162979068488543e-7, 0.0002115241441418579, 7.863347648476727e-6, 7.1208118681024765e-6, -2.4569330852851953e-5, 5.712281207816833e-5, 7.105101724352858e-5, -0.00011976667519962602, 0.0033349670557671256, -1.1559191710211307e-5, 1.0255146684095767e-5, -2.574243262869506e-5, 2.093542037548944e-5, -3.0381448032469963e-6, 9.105610212709926e-6, -4.780948051378306e-5, -1.8184634307386862e-5, -2.831785492822021e-5, 9.32325297469251e-5, -1.3923382107810449e-5, 2.757597136735716e-6, 9.473269078282952e-6, -3.388770260979242e-6, -4.3749044493493136e-7, 5.7831904587872865e-6, -3.32285030443791e-5, 1.4208566778360637e-5, -1.7117273296788499e-6, 1.007348258986508e-5, 4.415653532190925e-5, 3.42141740838287e-5, 1.386436348716413e-6, -4.073622833508563e-6, 1.0558931028477325e-5, 7.541177322709265e-7, -4.034557110114316e-6, 5.144909190613056e-5, -6.435121383816642e-6, -8.591320926811669e-9, 2.1403777173883325e-5, -2.684301069666808e-5, 1.894155380230178e-5, 5.853047527761782e-5, -1.1612276639380928e-5, 2.287947752630491e-5, 4.316035483291087e-6, -3.9418749461208854e-5, 4.6518122696642076e-5, -2.5304812512569027e-5, 6.344320626771585e-6, -2.6390770901330886e-5, -4.0571155389998274e-7, -1.8325477024292054e-6, 1.639593003035833e-5, 5.175190165112014e-8, 1.564844653394995e-5, -5.715570139659763e-6, 3.713199618548201e-5, -2.363310072636625e-6, 1.7265363598814934e-6, 9.96124261483486e-6, -4.035235774428082e-6, 8.607422298496838e-6, -6.071473060189183e-6, 5.183871485750502e-6, -6.111174472653172e-7, 6.991706617699061e-6, -7.344447177972226e-6, 0.00010528805199926987, -1.869343008281373e-5, -8.459554599913325e-6, -3.477012708034922e-6, 1.6306709101801369e-6, -2.1035092051520897e-5, 6.301723605321328e-5, -1.1045746607595518e-5, 6.498254721918001e-6, -7.862509445570121e-6, 2.4909728235851004e-7, -1.7822720874624554e-6, 0.00014145536106135607, 0.00010131155795430947, 8.266949875246072e-5, 5.1632577207820165e-6, -3.702305875920558e-5, 0.00013583938333665323, -1.0343221151678898e-5, 2.8119656402302365e-6, 1.1258400305413701e-6, -1.5122729131706951e-6, -2.653675159054996e-6, 0.00012675287038113917, 9.20860415347044e-6, -0.00019930267551716464, 2.5600141582347814e-5, 0.000930617074807042, -3.637225828955794e-5, -7.452642886899121e-6, -4.836422848571403e-6, 5.113751277885121e-6, -1.827720034014435e-6, 2.7829145515578368e-5, -9.023011671555579e-7, 4.3112760954940217e-7, 4.18636235961934e-5, 0.00021204555871720743, 0.0008351285862496986, -3.652211977882031e-5, -8.84175199938192e-6, 1.0238889289238039e-5, -8.925319308298457e-7, 1.4259975779367003e-6, 2.425963510931323e-6, -4.098400742797142e-6, 5.260442176870626e-7, 1.297998178266226e-5, 3.255194789658828e-5, -4.7861366349466884e-5, 0.0005108059951369191, -2.4202933807023104e-5, 2.2725801728784147e-5, -1.6355981637926342e-6, 8.359036227767198e-6, -9.090589207301123e-7, 3.651892631646031e-6, -3.7669185723211707e-6, 8.286816830560529e-6, 1.7177203140570827e-6, -6.1027090819654704e-6, 0.00015627916720198294, 6.176525081447604e-6, -7.000735477916695e-6, -1.4152905926269463e-6, -1.9431621384137163e-7, 5.615394245948868e-9, 1.567195061045665e-6, -1.0811157148865537e-5, -2.818457272048269e-7, -5.744391873419285e-6, 7.421786315178302e-6, -3.637189163991652e-5, -3.099605577856421e-7, 1.7783762229674346e-6, 6.037655440221978e-7, -6.857016845059614e-7, 1.0823425715650965e-6, -7.986816739935856e-6, 3.7997417994244803e-6, -5.100278418061245e-7, 2.544747178735544e-6, 1.2624851061247117e-5, 7.656594305353257e-6, -6.729476302400755e-7, 1.4531733258379634e-6, 4.621177776796548e-7, -3.480967081953296e-8, -1.0086689140643718e-6, 1.0464443376888982e-5, -1.6486836681526163e-6, 1.799474111537601e-8, 5.298004332797077e-6, -7.321981665747192e-6, 3.1870254603409568e-6, 1.8203206354461786e-6, 6.187005659419277e-7, 3.32382305651786e-7, 1.964665227945127e-6, -1.5862941035039123e-5, 4.833214835724906e-6, -5.56533784979685e-6, 2.963446443106474e-6, -6.4837388844123664e-6, -1.0696193867860276e-7, 1.285967458477871e-7, 3.3714219481567696e-5, 5.847942725717382e-7, 3.7730612707528085e-5, 2.7567123032997028e-6, 7.637608065511102e-5, -4.853900363184808e-6, 4.535803483402597e-6, 2.207680897738306e-6, -6.270458056982162e-7, 9.388853236900335e-7, -5.922643784622619e-7, -2.8935917116691516e-6, 1.3210753972096173e-8, 7.311930858248852e-6, 9.852613623467657e-6, 0.00022603261292188613, -1.5942153014728456e-5, -6.539689500400462e-5, -8.91297109088438e-6, 1.7911555681899595e-7, -3.3607682747424574e-6, 1.8991394792230694e-6, 5.263106890533568e-7, 7.943568312491524e-7, -1.9538927957110175e-6, -4.367858682472695e-6, -5.516466465560737e-7, 0.00029518673105901824, 0.00020614798183472724, 0.00013995084965498934, -6.928520587521671e-7, 2.308777794024757e-5, 0.0002103859355582035, -2.0425086312658106e-5, -7.315103073794868e-7, -4.520228558311753e-7, -3.680443460044123e-6, -4.437196280343905e-6, 0.00022307286427237984, 5.1988256205386e-5, -0.0003460916002785072, 0.00012693241513004358, 0.0012774584122315436, -5.158049715451771e-5, -3.483988805013435e-5, -1.375619678149146e-6, 7.5614105465166e-7, -1.2925748063454933e-7, 5.3559960493248637e-5, 7.78940799295606e-6, -5.295472083636718e-7, 4.896583989347152e-5, 0.00043840312153112975, 0.0013439840670905327, -5.158530105139902e-5, 5.6433198373962595e-5, 5.704504410073753e-6, -4.3828325415077793e-7, -6.526470758444552e-7, -1.0268229893922147e-5, -3.3286912937998343e-7, 1.2251654448965955e-7, -5.749765091038689e-6, -8.966920858264123e-5, -3.173059761157638e-5, 0.0009661901168618297, 1.4325624277034292e-5, 3.578640724107235e-5, -2.687206604611481e-7, 2.4852432910293237e-5, 4.462733728600229e-7, 6.874532014659136e-7, -1.0493559983414114e-6, 2.8897401148206183e-6, 3.716934730532088e-6, -9.283563608662032e-6, 0.00023204855062886108, -8.996385186827577e-7, 4.258881473397677e-7, -1.9600338453417895e-5, -1.4311391272146118e-8, -5.44014708793103e-7, 5.41798350948481e-7, -1.9635687931808575e-6, -1.327532461712006e-6, -1.31017697755422e-6, 6.141328851825309e-6, 3.504109999747794e-6, 1.814351729225762e-7, 1.5974279567924454e-6, -7.171251091088286e-6, -6.437160964214593e-7, 1.745663696637624e-7, -1.6559373342036189e-6, 4.908958393895035e-7, -4.828893320450722e-8, 4.5154279517518013e-7, 2.139917419775525e-6, 1.5442474083929509e-6, -6.707658761621101e-7, -1.1137586127757913e-5, 1.3521550865334964e-6, -5.137315479269988e-8, -2.3551101802532677e-7, 3.2472370385962755e-6, -2.411771989724548e-7, 1.8902024189458057e-8, 6.976836580711507e-7, -1.0752063966589995e-6, 5.935647366451559e-7, 2.013242979634496e-6, -1.871332363554898e-5, 1.5823696723325396e-6, 1.816335478235006e-7, -2.168795790360946e-6, 3.567394470254965e-6, -1.4560973591120317e-6, 4.952209002091366e-8, -1.1449689271195965e-6, 1.1186800014277641e-7, -4.948882394364019e-7, 1.6395930030361583e-5, 5.175190164602439e-8, 1.564844653395819e-5, -5.7155701396517395e-6, 3.713199618555346e-5, -2.3633100726485647e-6, 1.7265363598925523e-6, 9.961242614830144e-6, -4.035235774421143e-6, 8.607422298492285e-6, -6.071473060186147e-6, 5.183871485742045e-6, -6.111174472635012e-7, 6.991706617713372e-6, -7.344447177960517e-6, 0.00010528805199926968, -1.869343008280191e-5, -8.459554599926579e-6, -3.47701270803232e-6, 1.6306709101797032e-6, -2.103509205149878e-5, 6.301723605319203e-5, -1.1045746607590314e-5, 6.498254721921471e-6, -7.862509445566218e-6, 2.4909728235807636e-7, -1.7822720874626722e-6, 0.00014145536106136187, 0.00010131155795431218, 8.266949875246126e-5, 5.163257720770809e-6, -3.702305875915462e-5, 0.00013583938333663686, -1.0343221151673044e-5, 2.8119656402423795e-6, 1.1258400305453817e-6, -1.5122729131707494e-6, -2.6536751590519603e-6, 0.00012675287038113072, 9.208604153482475e-6, -0.00019930267551718204, 2.5600141582369715e-5, 0.0009306170748070023, -3.6372258289551866e-5, -7.4526428869034576e-6, -4.836422848566741e-6, 5.113751277885988e-6, -1.8277200340170371e-6, 2.7829145515588017e-5, -9.023011671476975e-7, 4.3112760955138084e-7, 4.186362359618039e-5, 0.0002120455587172835, 0.000835128586249691, -3.6522119778806435e-5, -8.841751999340286e-6, 1.023888928925441e-5, -8.92531930828111e-7, 1.4259975779403323e-6, 2.4259635109263357e-6, -4.098400742796058e-6, 5.260442176915621e-7, 1.2979981782649413e-5, 3.2551947896530115e-5, -4.7861366349448344e-5, 0.0005108059951369088, -2.4202933806996e-5, 2.2725801728791344e-5, -1.6355981637922005e-6, 8.359036227766764e-6, -9.090589207307899e-7, 3.65189263164473e-6, -3.7669185723216043e-6, 8.286816830553427e-6, 1.717720314057137e-6, -6.102709081960049e-6, 0.00015627916720197546, 6.17652508144549e-6, -7.000735477913226e-6, -1.4152905926233684e-6, -1.943162138439737e-7, 5.615394243346783e-9, 1.567195061044364e-6, -1.0811157148867706e-5, -2.818457272042916e-7, -5.744391873416493e-6, 7.421786315170821e-6, -3.637189163987651e-5, -3.0996055778390735e-7, 1.7783762229648054e-6, 6.037655440189723e-7, -6.857016845053922e-7, 1.0823425715669938e-6, -7.986816739940193e-6, 3.7997417994253477e-6, -5.100278418052571e-7, 2.5447471787379836e-6, 1.262485106124995e-5, 7.656594305353772e-6, -6.729476302405092e-7, 1.453173325836947e-6, 4.6211777767575166e-7, -3.480967081721548e-8, -1.0086689140671365e-6, 1.0464443376892452e-5, -1.6486836681547847e-6, 1.7994741114942328e-8, 5.29800433279751e-6, -7.321981665742638e-6, 3.187025460339222e-6, 1.8203206354476965e-6, 6.187005659411145e-7, 3.323823056535207e-7, 1.9646652279375378e-6, -1.586294103502004e-5, 4.833214835711598e-6, -5.565337849790589e-6, 2.9634464431071788e-6, -6.483738884405753e-6, -1.0696193867274807e-7, 1.2859674584312503e-7, 0.00039800854119346037, 4.70567914022434e-6, 0.000392159872705115, 2.853839734788359e-6, 0.0009380089999601071, -5.911159866598531e-5, 7.440607965388598e-5, 4.717896829185093e-5, -2.3438465139079354e-5, 2.5720984404204112e-5, -2.373591879368392e-5, -2.6222720867551098e-5, 1.846513893507401e-7, 0.00010646576576507681, 9.049294585480785e-5, 0.0027602354756399976, -0.0002310729758321426, -0.0008869139168897575, -0.00012936442404975134, 8.977158443974594e-6, -8.286191251621455e-5, 0.00028290259793338317, -1.4438149863418197e-6, 1.9183109687593083e-5, -3.2629131963109875e-5, -4.674698371867907e-5, -3.237945360501414e-5, 0.0038003735223262006, 0.0027453728794448688, 0.002052382404097374, 2.1936383934189347e-5, 0.0002920435891234528, 0.003221346898601576, -0.0003025780694998325, -6.884121609385509e-6, -4.623575723150183e-6, -5.0148414774672584e-5, -5.574966730364974e-5, 0.0029627369005904673, 0.0006203080569507351, -0.00536559571581739, 0.0017239316809397596, 0.021480219152746338, -0.0008524848358621943, -0.0004534093960912803, -2.7974960307644223e-5, 1.5870321578475947e-5, -7.127053035595109e-6, 0.000674784619506064, 7.580932567693034e-5, 6.348973865337969e-6, 0.000749884863046395, 0.006981495930095269, 0.021866924864296543, -0.0008895524123029479, 0.0007478101677183468, 7.606259306939438e-5, -6.825077554325175e-6, 1.0010618845092054e-5, -8.302389716888063e-5, -9.678497970379393e-6, 4.917958085716781e-6, -0.00011815130986663207, -0.0014665150639101678, -0.0005393272161988028, 0.013422453671020275, 0.0001497475292740367, 0.00044172504955149183, 5.162979068540179e-7, 0.00021152414414173613, 7.863347648470439e-6, 7.120811868072769e-6, -2.456933085283157e-5, 5.7122812078072484e-5, 7.10510172435199e-5, -0.0001197666751995562, 0.0033349670557653675, -1.1559191710221444e-5, 1.0255146684135896e-5, -2.5742432628692892e-5, 2.0935420375440812e-5, -3.0381448032342298e-6, 9.105610212698e-6, -4.7809480513784364e-5, -1.818463430736545e-5, -2.831785492818828e-5, 9.323252974677914e-5, -1.3923382107672213e-5, 2.757597136718911e-6, 9.473269078277965e-6, -3.3887702610131774e-6, -4.37490444944906e-7, 5.783190458786419e-6, -3.322850304440133e-5, 1.4208566778371777e-5, -1.7117273296736457e-6, 1.0073482589882535e-5, 4.4156535321970836e-5, 3.421417408385288e-5, 1.386436348697331e-6, -4.073622833544992e-6, 1.0558931028472121e-5, 7.541177322739623e-7, -4.034557110101306e-6, 5.1449091906182604e-5, -6.4351213838295305e-6, -8.591320932015839e-9, 2.1403777173872266e-5, -2.6843010696665586e-5, 1.894155380229766e-5, 5.853047527753889e-5, -1.1612276639434704e-5, 2.2879477526327842e-5, 4.316035483284528e-6, -3.941874946096317e-5, 4.6518122696495925e-5, -2.5304812512524574e-5, 6.344320626772669e-6, -2.639077090133002e-5, -4.057115539084395e-7, -1.8325477024174418e-6, 0.004135801284731873, 3.805065951335807e-5, 0.0041947500506378105, 0.0005192057758723729, 0.01053662322932437, -0.0006492959780685393, 0.0009337995488323706, 0.00017402228582135857, 4.113645062597202e-6, -1.8301680885250606e-5, -1.2761342426029069e-5, -0.0009779611087931718, 3.218963129623985e-5, 0.0010671658409688266, 0.0015115950551402328, 0.029059848729822074, -0.0022003023281061836, -0.010511859895640326, -0.0012431073373790073, -2.3650982143015847e-5, 0.00014965520244130304, 0.0004443295994141644, 0.0006328692311456677, -0.0001192208856349655, 9.393448840897987e-5, -0.0006250209818327236, -0.0003840208173080035, 0.04060148100629104, 0.032072393603825286, 0.02245094173190926, -0.0004191875269073408, 0.006995550683387457, 0.03627351038610341, -0.003471441444231033, -0.00015996650523674425, -6.656120991669636e-5, -0.0005685712432290694, -0.0006245539161708835, 0.029864318552826716, 0.008345490253753859, -0.0575508892184384, 0.02569465340944343, 0.22369428504616434, -0.008506403383086971, -0.005340400359032656, 0.00012194453597526734, -8.168621235062838e-5, -1.9263311169714394e-5, 0.007095509015725009, 0.0010657074868661801, -2.393490339278005e-5, 0.008579101001645818, 0.08997863781019927, 0.23184852939569423, -0.009160047863456044, 0.009858170635959061, 0.0007162441113277684, -5.930521339279904e-5, 4.86959446477659e-5, -0.0011344565941972702, 0.00010335312168001498, 4.937042934800894e-6, -0.0015762593291221742, -0.02063375527396289, -0.004891806725076461, 0.14295934304527957, 0.0032696256004788628, 0.004657830715598663, 4.1210317791204234e-5, 0.002208356497323677, 0.0001432619819257332, -8.876003631893723e-5, 2.1394313154988152e-5, 0.00035535278280702707, 0.0008533419437975857, -0.0012876328217635573, 0.036111924389303225, -0.0003311594429849787, 0.00030792709041339497, -0.00026919198054638216, 0.00027903512449653934, -4.047491317015709e-5, 2.6459441794796437e-5, -8.826095705827567e-6, -0.00015510642627342098, -3.84750602511199e-5, 0.0008529058255295865, 0.0014937676413061282, 3.749507517444243e-5, 6.535152808392897e-5, -5.549408510531137e-5, 1.9314652483474136e-5, 2.877927355043712e-5, -5.4337023536380315e-6, -4.2455436093008275e-6, 1.98620606929145e-6, -1.4938033423357884e-5, -1.2745800958797971e-5, 0.00016391036800770273, 3.612251734308068e-5, -8.924179753820247e-5, 0.00011031810255975483, 8.945289032118555e-6, 3.977333958617526e-5, 1.324971605332851e-5, 2.2558138500295213e-6, -6.442617038024574e-7, 1.4398143604304114e-5, 3.1430334725677557e-7, 8.294705627430823e-5, 0.0006482832325730862, -0.00014440401205578768, 0.00028312508165927804, -3.138158731328007e-5, 0.0004225435129532871, 0.00027145446745680695, -1.934517879642752e-5, -6.911820011337591e-5, -6.558163201788713e-6, 1.0679275850170164e-5, -3.390483764849654e-5, 0.0001874083234770194, 1.5951927641861922e-6, 0.0001904887420030412, 3.401486202822719e-5, 0.00047453646415198194, -2.8098033200209564e-5, 4.06515325311618e-5, 1.0576970860864347e-5, 2.7477777297930592e-5, 5.915084265099672e-7, -1.3773297494138609e-6, -3.7443510086164076e-5, 1.0486706098768953e-6, 5.0409683441937224e-5, 7.677586060614826e-5, 0.0013145260417277587, -0.00010507256580577669, -0.00046825432605410264, -4.813288079032587e-5, 2.1178646206557183e-9, 1.2893433602126358e-5, 2.6228320406891442e-5, 3.8859550021147146e-5, -3.420998727200785e-6, 6.603912978125383e-6, -2.7697429366184455e-5, -1.8694250221772644e-5, 0.00184567613427533, 0.0014703706179027614, 0.0009863738158597444, -2.013385264522903e-6, 0.00032696734858950714, 0.0016547573682772507, -0.00015241256864603888, 8.514596747857123e-6, 7.63849264624663e-6, -2.272268181832812e-5, -2.5254361399185913e-5, 0.0013484491039949544, 0.0003246693669972302, -0.00256852148036308, 0.0009689824911375058, 0.010126169490463613, -0.0003770317340016612, -0.00023524992831130314, 4.137819508575301e-5, 9.116404544402736e-9, 7.799715522780956e-7, 0.00032915171406895606, 9.728360037538492e-5, 4.4673530356399704e-6, 0.00038700097602146393, 0.004136068021976433, 0.01050546571717619, -0.00041425640544665845, 0.0004711742200949982, 3.45506827463041e-5, -2.641858048857068e-6, 3.980777710293516e-6, -4.695977540469711e-5, -2.6587667659750194e-5, 7.128935533032895e-6, -8.219382917172731e-5, -0.0009191011273407988, -0.0002641552135617881, 0.006473139371436419, 0.0002977179212932113, 0.00021724457996927303, 1.5403215347748953e-6, 9.964712737791108e-5, 6.062514383731963e-6, -1.3726550431437771e-7, 0.00027209500490937844, 4.3030062163701744e-5, 3.577478746652206e-5, -5.461835178752286e-5, 0.0016345609958268981, -6.023250434164691e-6, -5.570537934623809e-6, -1.0650972565561358e-5, 1.2845303586938672e-5, -1.7013259487747012e-6, -4.859080120870295e-6, 5.3520573901851e-5, -2.3730548375843017e-6, -3.81602483549761e-6, 5.31821118086662e-5, 4.816616682321376e-5, 1.4526179744028637e-6, 3.877446807570763e-6, -7.362175255274175e-7, 2.504355342802453e-6, 2.6734867466024622e-6, 1.34379601738812e-5, -4.016068972374602e-7, -1.802415998094012e-8, 3.439746047381254e-6, 5.004901616176283e-5, 8.155054881917728e-5, 7.428642785913334e-6, -2.221713118377396e-6, 4.843360781914524e-6, 1.6275369056693682e-7, 1.2209304092523736e-5, 1.4925767410686047e-5, 3.6556831997875197e-7, -2.534557313137696e-8, -1.1426791522188215e-6, -9.207937825217883e-6, 4.292083212839213e-6, 3.090250026708191e-5, -3.885202147672212e-6, 1.1259570727065443e-5, 3.83343463699606e-7, 2.3033159020680732e-5, 1.4846494320764226e-5, -1.6448462765590566e-6, -2.086981075211786e-6, 1.0407598360393823e-5, 1.3436144237050605e-6, -1.2962176860049869e-6, 0.00028371588497434633, 1.7531528391055294e-6, 0.0002844843729421855, 3.341808105942172e-5, 0.000739129752752771, -4.350391720160706e-5, 6.236495079915791e-5, 1.3945998806465937e-5, 1.0368921811521395e-6, -3.019524155442946e-7, -2.6275391805709054e-6, -6.181982558951002e-5, 2.1292540435050022e-6, 7.598063860628332e-5, 0.00010200533200958916, 0.001961649816297845, -0.000165474242133879, -0.0006992751343683438, -8.133053551589235e-5, -2.3903501088495815e-6, -1.250724999575189e-6, 4.696799959110257e-5, 3.820711972296408e-5, -7.3139584123357165e-6, 6.045972921818292e-6, -4.1021752725280136e-5, -2.93806877791963e-5, 0.002820343675853041, 0.002119296045514945, 0.001557281397767785, -9.451618259910012e-6, 0.00036476137547131453, 0.002443251864603832, -0.0002343692234319265, -9.620568919554377e-6, -4.285051018237626e-6, -3.868758085052125e-5, -4.693340301340561e-5, 0.002138588976552009, 0.0005116194660545919, -0.00409333603254303, 0.0015518478011960993, 0.015428669254335304, -0.000590052992358613, -0.0003607928180670815, 9.14878774643113e-6, -5.1739495324425e-6, -2.0650985131852274e-6, 0.00048405216393819386, 6.606064346626438e-5, -1.8494356173973537e-6, 0.0006068722168499777, 0.005869815117422443, 0.015736466673558443, -0.0006332929802675888, 0.0006755701368810435, 4.972808439470195e-5, -3.927054539391156e-6, 4.43442994267889e-6, -7.48483778389292e-5, 5.085673037826151e-6, 6.264742779570672e-7, -0.00010095388442855446, -0.0013479457596396838, -0.00034370970938344726, 0.009699809390191771, 0.00021061539209011639, 0.0003178354564545938, 1.9713827818664507e-6, 0.00014986582680014376, 1.0214947414395682e-5, -5.98108447933738e-6, 9.983952132398832e-6, 2.950290358211217e-5, 5.762110642259523e-5, -8.823958038590941e-5, 0.0024824617159039343, -1.9389997440961287e-5, 2.028685867043478e-5, -5.544773702129179e-6, 1.700889593425235e-5, -2.3774611584291734e-6, 1.6004743660898504e-6, 1.2945211780995836e-8, -9.587290448165764e-6, -3.238964251305672e-6, 5.804502662538316e-5, 9.365597438689788e-5, 2.3705901492692078e-6, 3.77368403702439e-6, 1.8229095821269137e-6, 1.339445654871237e-6, 2.070508330735644e-6, -1.489659395288018e-7, -1.9788112770526174e-7, 9.833688246292313e-8, -1.1093144981462813e-7, 7.78482356108938e-7, 1.4557548389429139e-5, 3.0032150802218735e-6, 3.696418722435712e-6, 7.162419520046926e-6, 7.012561605214841e-7, 2.9504169080612867e-6, 1.4848745872176987e-6, 2.3019657796954918e-7, -3.7124819593069985e-8, 7.858241524462666e-7, -7.717832291523211e-7, 6.094714054852681e-6, 4.5860356102889795e-5, 4.37494745677159e-6, 1.968321428943878e-5, -1.6175467838501663e-6, 2.7451377480282226e-5, 1.8896647924457593e-5, -1.796603041039909e-6, -4.478868184954084e-6, -5.217025650567676e-7, 6.347271181024981e-7, -2.030235305257029e-6, -0.00011418988430422728, -1.9755617816534033e-6, -0.00010100322537789095, -9.696235738297383e-6, -0.00012682753454013864, -7.264864059829828e-5, -5.845060231218649e-6, -4.219336009478672e-6, -5.371310833243367e-6, -9.77552487089594e-7, -8.639033641837861e-7, -0.00043719006000877687, -7.008075006833614e-7, -0.0004969206817558691, -0.00014630175263952616, -0.0025846317806167605, -1.8257517909505035e-5, -0.00048521432950305427, -2.5303136104062873e-5, -7.137347039794413e-6, -3.4663056475716346e-6, 5.425524578592678e-7, -1.0826039449542829e-5, -1.2316482293462392e-5, -9.17029809841853e-6, -4.683198159677023e-5, -0.0009604505917552169, -0.0008934697726094422, -0.0006681611732070956, -0.00023136091566644664, -1.9688453890588653e-6, -3.7552729224212857e-5, -0.0006028660247194974, -0.00017884011916963986, -7.690748309394785e-6, -6.760568001390466e-6, -2.538706953111652e-5, -2.0536493871150608e-6, -0.005217105182234061, -0.004436015421742366, -0.0067863918638183095, -0.00014862766626544583, -0.0033107235035786855, -0.006420638041150892, -0.00021041104254411892, -2.7358586257969584e-5, -7.4188238165648e-6, -4.258606003031606e-5, -0.0015695622485910063, -0.0004822465612068843, -5.077897977863281e-5, -0.001556185636379078, -0.012801225113842178, -0.04227964383984842, -4.353967027374221e-5, -0.0004109987783609823, -1.698475599322489e-5, -6.730544045953509e-6, -1.418666717145677e-6, -9.942954528620708e-5, -4.7923804709033846e-5, -6.622315126361168e-7, -0.00015287425417667396, -0.00178834692814932, -0.003667068226477276, -0.008075227735103597, -0.0007091702832459201, -0.0007076091464671485, -2.016008816873151e-6, -0.0002112881531907785, -4.164567345811424e-5, -7.579946021318753e-6, -8.64768947875863e-5, -6.571660909696206e-5, -0.000681991522974625, -2.780229439436067e-5, -0.007482376169043041, -0.00011709326880513654, -9.324421350301836e-5, 2.838965234473528e-6, -6.136035275013606e-5, -1.7382318081656965e-6, -5.1164005924331365e-6, -3.065256712942409e-5, -1.0031211899465611e-5, -4.303529505776888e-6, -0.00023151797660711645, -0.0005078709170971353, -7.3625256425597675e-6, -7.202611908711191e-6, 2.729727424115227e-6, -3.4805045030870257e-6, -2.3718427769952536e-6, -4.906451982179816e-6, -4.379214502983619e-6, -1.1783614153369239e-5, -4.842656277028075e-6, -3.699725755309559e-5, -6.982681091038598e-5, -3.510505613933939e-6, -1.354154597027631e-6, -1.2698508210715813e-5, -1.2314465356844887e-6, -1.929659128658027e-6, -2.55181851551399e-6, -2.070835743113236e-7, -1.769067084786229e-8, -8.017699418372097e-7, -4.425747404194699e-6, -1.0338448102229728e-5, -1.177498197032687e-5, -6.005531432914935e-7, -2.6935125048691195e-6, -5.755640614034342e-7, -1.0370439313681784e-5, -7.486913859442237e-6, -1.5311416147912194e-6, -3.910071548235091e-6, -2.1963880223420038e-6, -1.9624200768267232e-6, -3.594835469969025e-6, -0.00043562345698570145, 2.3508207086461903e-5, -0.0003889724234614619, -2.50674452887973e-5, -0.0004927159885133993, -0.0002816394370569838, -2.0839614779009962e-5, -1.3146276081276451e-5, -4.709931784551737e-6, -2.8929561255886405e-6, -2.771066799162384e-6, -0.0016829505724641018, -2.1631941033865886e-6, -0.0018992380675072562, -0.0005784458741783568, -0.009979162947219313, -6.994183291925095e-5, -0.0018920036369911228, -8.750418165185238e-5, -9.119692981190801e-6, 5.979622339680364e-7, -2.109207566824761e-6, -2.2512980989519357e-5, -4.6864794578476885e-5, -2.7252420127586545e-5, -0.0001782916371958613, -0.003787321902955477, -0.0035866577175344572, -0.0026437626825551873, -0.0008685825004532148, -1.5502796543787447e-5, -0.0001646015804503487, -0.0023496589822864667, -0.0006854531002516758, -1.3038221507599094e-5, -1.535698271403602e-5, -9.879426148679785e-5, -7.60071422373687e-6, -0.020470696551511094, -0.017372071513839377, -0.026346829028923498, -0.0005808530242798331, -0.013459349832092855, -0.024932482337358907, -0.0008142288536044681, -8.359418301467914e-5, -1.3423095630805612e-5, -0.0001526704399739745, -0.006094258246989582, -0.0019498876852880398, -0.00018583859321872676, -0.006389337776920041, -0.05014808995262656, -0.16523678173199755, -0.00016662969731598822, -0.0015693856399979032, -1.592399223468259e-5, -2.4632387748089405e-5, -1.7206742020602593e-7, -0.00037278712084900124, -7.142583946533054e-5, -3.443265455310132e-6, -0.0005407314681149162, -0.0071854895166248815, -0.014422582171441998, -0.03153126470160546, -0.0027670646607374193, -0.0027304292408135344, -7.310328515313974e-6, -0.0008018763207500383, -0.00013554236335113542, -2.1739190391216034e-5, -9.109212866401789e-5, -0.00023441142244777415, -0.0026784606430151755, -8.588681576194196e-5, -0.02881026787139776, -0.0002474177132084643, -0.000339427093188638, 5.305776757222498e-5, -0.0002422096198367767, -6.419638516507809e-6, -1.811629584727039e-5, -3.286864723440336e-5, -2.721239886161993e-5, -1.394050438441514e-5, -0.0008952285800588775, -0.0019996859588733546, -2.932901451500533e-5, -1.6251577786892662e-5, 2.6269112318786855e-5, -1.2963387710444862e-5, -8.053044154598325e-6, -5.360271137614791e-6, -3.7028524861883703e-6, -4.441014868299933e-5, -6.807807630251905e-6, -5.828793851571194e-5, -0.00010190704383602339, -3.7374345237674127e-6, 2.385747366079002e-6, -4.895766369345227e-5, -2.339126332942011e-6, -4.335111545320566e-6, -4.861772941004705e-8, -5.992174561338277e-7, -9.54777794261348e-9, -2.3009286993778185e-6, 1.5696560024414802e-6, -2.311962008581716e-5, -4.204498867099683e-5, 1.7169613898277303e-5, -9.222297026301965e-6, -2.3525180590431e-6, -1.8278499314041546e-5, -1.4792988035096898e-5, 1.2146521011236746e-6, -1.4786619104519743e-5, -1.7285024421819298e-6, -1.820656934287384e-6, -1.1327493132175497e-5, -0.0006382821459244918, 4.199820179735889e-5, -0.0005519273738591135, -3.241814261136693e-5, -0.000718379028581621, -0.00040354439788478473, -3.2595824892265235e-5, -4.216677229957385e-5, -7.454516410693098e-6, -6.293855567246812e-6, -4.772773809215815e-6, -0.002405576841717646, -4.095066043852699e-6, -0.002727348106670692, -0.0008591039680496317, -0.014470657617994986, -0.00010663864330094988, -0.0027228273849501075, -0.00014766611901612927, -1.8130614086489982e-5, -5.2410409038607016e-5, -2.9023327598944916e-5, -6.542014771308792e-5, -6.901210389609135e-5, -4.7893129889983775e-5, -0.00026203949193915384, -0.0054815951684970814, -0.005304877420921258, -0.003935555525139077, -0.0012411343607599253, -2.5858965817083775e-5, -0.00026515571227336604, -0.0032327266648742616, -0.0009940779757190545, -6.562815489921311e-5, -5.278780752741895e-5, -0.0001443977861528371, -1.6984672417268403e-5, -0.029631819790714425, -0.025120825557944763, -0.03819007222018014, -0.0008560345296121083, -0.019054378367549682, -0.036072613274002616, -0.0011704075727056928, -0.00015547832388399527, -5.996114115303271e-5, -0.0002278324346606254, -0.008829858547892833, -0.0029051997587494025, -0.00027725155959078436, -0.009655217076576352, -0.07218390457002236, -0.24181313719424413, -0.000285190321105146, -0.0023369672649572112, -2.1070383211913794e-5, -3.8119015294724667e-5, -6.917568237679948e-6, -0.0005258670183891092, -4.792010640585322e-5, -5.824059001702155e-6, -0.0007164587108707041, -0.010057107924183867, -0.021024802071617804, -0.045466525847392844, -0.004073785010664023, -0.003938998242000532, -1.2027680638984368e-5, -0.0011481701903194737, -0.00020126939931572113, -4.430724584858958e-5, -3.644625748600158e-5, -0.0003200953023834253, -0.003790892075908911, -0.0001511216725604265, -0.04175515946664474, -0.0002653800550604848, -0.0004908352588169332, 7.31366910443898e-5, -0.000347759313856008, -9.846994237243357e-6, -2.730310167073759e-5, -2.2821875763363213e-5, -5.892975733590585e-5, -2.234431393776683e-5, -0.0012961677404314457, -0.0029841938379565696, -4.277908531426961e-5, -1.9314785696077167e-5, 3.9013703431614146e-5, -1.9359153423624542e-5, -1.1724821164579976e-5, -7.568293102182071e-6, -2.1461039122897416e-5, -7.2648007802289e-5, -4.638750042237384e-5, -6.634278295302061e-5, -0.00010108961525152199, -3.7017147946633976e-6, 4.8128145120162995e-6, -7.047260959577829e-5, -3.880196144771483e-6, -1.311818719474311e-5, -3.299805982873844e-5, -2.696107458071903e-6, -2.9146038700317983e-7, -6.022144190601358e-6, -3.50432878804492e-5, -5.463657346277753e-5, -6.2024986731193e-5, 2.6243414169346835e-5, -1.3523065398630073e-5, -3.6451355536035353e-6, -4.229668781165956e-5, -3.51835077869215e-5, -2.6036619986051545e-5, -2.308743458905244e-5, -2.42773739533627e-5, -4.738857617027532e-6, -1.750885562887077e-5, -3.276392796621331e-5, -7.705250598007401e-7, -2.5418949710961924e-5, 7.141792338701599e-6, 5.885952386995401e-6, -1.7452725694856903e-5, 6.334657518078271e-6, 3.87905310489183e-5, 1.0278229890040447e-5, 3.2088217940824508e-6, 2.10672220141126e-6, -0.00013158385759200078, 3.3320961733791373e-7, -0.00014974781325223106, 4.367716638769073e-6, -0.0007997096909872264, -1.807277219871426e-6, -0.00014414164445228806, 6.815339521712904e-6, 2.227914653181852e-5, 8.165747149865995e-5, 6.224542766769276e-5, 6.21409717952129e-5, 1.5760061730478447e-6, 9.542356098251768e-6, 5.019879954080292e-6, -0.0003031490315629616, -0.00023898783511633217, 7.691100058548894e-6, -6.423646583189472e-5, 5.9720150859849e-6, 7.135767286263299e-5, 0.00020574212447890816, -2.9731335854726914e-5, 6.559916398463789e-5, 4.003758445497848e-5, -5.592743788019575e-6, 8.06089669835988e-7, -0.0015782324909331903, -0.0013165753252449364, -0.002169860586999399, -9.123686675511849e-6, -0.0006013622868654553, -0.002068369518162633, -5.979150400272406e-5, 3.581415356332385e-5, 6.047676196187235e-5, -3.3914537429110235e-6, -0.0005005717859596243, -0.0001272454154260358, -6.894067914443728e-6, -0.00047374283169730194, -0.0037749460488424574, -0.01364073332712754, -8.874050276686104e-6, -4.957932639016241e-5, 1.161192274329076e-5, 6.907259320714215e-7, 8.43857126875294e-6, 6.495684974929666e-6, 5.463149196077027e-6, 1.7410964195314124e-6, 9.401571786991778e-6, 0.0003730838614406694, -0.0010354668522607174, -0.002583554286792485, -4.561431110416611e-5, -0.00021029838331045373, 8.017073710085915e-7, -6.433826772935372e-5, -2.8260821114345575e-6, 2.355183304986099e-5, 1.2167219422862252e-5, 1.1998191973386666e-7, -0.0001753054379937028, 1.9187978728500146e-6, -0.00230651042191319, 2.24980839190524e-5, 2.360207047845831e-5, 7.954131813879919e-6, -1.6786346869020023e-5, 2.7369269671223464e-7, 2.157681509691264e-6, 2.5435648453728298e-5, 2.322227674149608e-5, 4.674097927671373e-6, -6.49139440948033e-5, 5.937644454392585e-5, 3.59313665760589e-7, 1.3798838654648419e-6, 1.9759224058552363e-6, 1.3656461286579808e-6, -1.1209322743224541e-7, 6.765230536963157e-6, 2.6572941266562837e-5, 1.312295525191182e-6, 6.03180508178024e-5, 2.067937620078798e-5, 3.167717026757817e-5, 1.8165846204362332e-6, 1.8183471935443157e-6, -3.824899606298562e-6, 1.1031317887977765e-6, 1.1897800502175693e-5, 4.6608249452089476e-5, 2.473189154249733e-6, 3.926620627853921e-7, 3.768127191238575e-6, 5.4768334679138313e-5, 2.9561410323244997e-5, -1.764759222086694e-6, 3.7324297861695416e-6, -3.2816592353482744e-7, 1.565566740725709e-6, 3.5549544074539065e-5, 2.1651481425325305e-5, 3.42608496889192e-5, 2.8394591136128274e-6, 3.359110556719043e-5, 5.785260416069147e-6, 1.670127199946813e-7, -7.933863669859487e-7, -6.006462536700587e-7, -1.5760122474379676e-6, -1.7585341077800635e-6, -8.852692642499077e-6, -1.6827452375234135e-6, -1.1790053786772366e-6, -4.392609017602822e-6, -1.3542504862150092e-6, -3.504870932361697e-7, -2.6519340419220937e-7, -6.243705194722456e-6, -9.702738445398033e-8, -4.420295226249468e-6, -4.429029798266523e-6, -7.70133794178408e-6, -9.537154150626292e-7, -2.988262755124996e-6, -9.123512578787345e-7, -2.8484527864234372e-6, -9.87130769175993e-6, -4.8112595314056626e-6, -6.193389476657753e-6, -8.986884857162909e-7, -3.0372971871128686e-6, -3.4723651701189934e-6, -1.1150755646187251e-5, -7.265405949539398e-6, -3.176290215897563e-5, -4.106307854392672e-6, -7.829523800245144e-7, -8.842337816695632e-6, -3.420157935348899e-5, -6.2800285980034015e-6, -1.5515156046823266e-5, -9.692351946136027e-6, -7.54957099557323e-7, -4.303681147540053e-7, -1.2841429324568499e-5, -2.2496086073413584e-5, -3.38007227103144e-5, -7.2557261415117855e-6, -7.474924303180349e-5, -3.4198592461356925e-5, -3.930723597076542e-6, -1.0144929917439618e-5, -1.535879575239674e-5, -2.5984850861721087e-6, -3.951974897455166e-6, -2.2377891829229897e-6, -2.244397197409282e-6, -6.370541142030825e-7, -7.613756251413032e-5, -3.684674806897232e-5, -1.2673041763357033e-6, -1.5659167843355e-5, -5.060693779996352e-6, -6.516370296548338e-7, -1.1570759126232496e-6, -3.381269889090894e-6, -8.910838744653586e-7, -3.5562273175082865e-7, -1.568241567963713e-5, -0.0001558255500968955, -3.219970268483578e-5, -6.808061390375323e-5, -1.9711123778322825e-5, -7.127651650586141e-6, -2.1039983641121286e-7, -2.770117104766885e-6, -1.329421713637969e-6, -3.882862623195396e-6, -2.812442836027762e-6, -2.6955973899611078e-6, -9.9607890797945e-6, -3.1620854670694784e-6, -3.569893080116165e-5, -9.044423621769652e-6, -7.389429658120287e-6, -1.1729944456822898e-6, -1.0489031658303394e-6, -1.257486658562141e-7, -6.179403620417724e-7, -3.915549819800398e-6, -3.072675324104872e-6, -7.294006632257814e-7, -2.575610722978152e-6, -3.0035703814786812e-5, -4.618149837211285e-7, -5.553465187252914e-7, -2.568295950980404e-7, -3.7154719416503384e-7, -1.4905648984778089e-7, -1.0664765926415382e-6, -3.4513481847846792e-6, -8.753879758732243e-7, -9.534810385923576e-6, -2.7251230861532203e-6, -4.413637513204539e-6, -3.2405894905571195e-7, -3.447194065232806e-7, -1.0516050643087291e-7, -1.4971438070006393e-7, -1.2776643008604628e-6, -8.925116213770175e-6, -2.914721586671186e-7, -5.194295059330299e-8, -4.14860770638157e-7, -8.357993179525887e-6, -4.3081030456537835e-6, -3.000840421989344e-7, -5.563376578776504e-7, -1.0057261277604534e-7, -3.561757873036262e-7, -7.820780706194858e-6, -4.29637866083347e-6, -6.807272672480912e-6, -8.707325982919094e-7, -4.120283356582794e-6, -6.611942537251923e-7, -1.5750331573899986e-7, -7.933863669985254e-7, -6.006462536746124e-7, -1.5760122474407865e-6, -1.7585341077784914e-6, -8.852692642501354e-6, -1.6827452375290514e-6, -1.1790053786767487e-6, -4.392609017599516e-6, -1.354250486214413e-6, -3.5048709323649493e-7, -2.6519340419375436e-7, -6.243705194741971e-6, -9.70273844559319e-8, -4.4202952263279645e-6, -4.429029798262078e-6, -7.701337942076598e-6, -9.53715415064906e-7, -2.9882627551648406e-6, -9.123512578750482e-7, -2.8484527864237625e-6, -9.871307691750138e-6, -4.8112595314002415e-6, -6.193389476654419e-6, -8.986884857177817e-7, -3.0372971871115676e-6, -3.472365170121948e-6, -1.1150755646305213e-5, -7.265405949598378e-6, -3.176290215901813e-5, -4.106307854413868e-6, -7.829523800233218e-7, -8.842337816689994e-6, -3.420157935352412e-5, -6.280028598020925e-6, -1.5515156046822833e-5, -9.692351946137545e-6, -7.549570995595998e-7, -4.303681147506443e-7, -1.2841429325051619e-5, -2.249608607385366e-5, -3.38007227109814e-5, -7.255726141522844e-6, -7.474924303206023e-5, -3.4198592461980124e-5, -3.930723597102509e-6, -1.0144929917434847e-5, -1.5358795752401727e-5, -2.5984850861763913e-6, -3.951974897560551e-6, -2.2377891829765493e-6, -2.244397197413619e-6, -6.370541143383909e-7, -7.613756251530885e-5, -3.684674807318336e-5, -1.2673041763397149e-6, -1.5659167843377767e-5, -5.060693779994753e-6, -6.516370296566227e-7, -1.157075912628508e-6, -3.3812698890917613e-6, -8.910838744653044e-7, -3.5562273175185864e-7, -1.5682415679639408e-5, -0.00015582555009694473, -3.219970268516343e-5, -6.808061390458156e-5, -1.9711123778348195e-5, -7.127651650666155e-6, -2.1039983640991182e-7, -2.77011710476862e-6, -1.329421713628428e-6, -3.882862623190843e-6, -2.812442836025756e-6, -2.695597389967613e-6, -9.960789079850227e-6, -3.1620854670700205e-6, -3.56989308019143e-5, -9.04442362177041e-6, -7.389429658115733e-6, -1.172994445679254e-6, -1.0489031658420488e-6, -1.25748665855672e-7, -6.179403620424771e-7, -3.9155498197996936e-6, -3.0726753241045943e-6, -7.294006632271909e-7, -2.575610723001083e-6, -3.0035703814822564e-5, -4.6181498371993587e-7, -5.553465187257793e-7, -2.568295951004256e-7, -3.7154719417027866e-7, -1.4905648984824167e-7, -1.0664765926428257e-6, -3.451348184784083e-6, -8.753879758759348e-7, -9.534810385920851e-6, -2.725123086154413e-6, -4.413637513200094e-6, -3.240589490582056e-7, -3.447194065276174e-7, -1.0516050643390867e-7, -1.4971438069865447e-7, -1.277664300858728e-6, -8.925116213772275e-6, -2.91472158669287e-7, -5.194295059002328e-8, -4.148607706359886e-7, -8.357993179526103e-6, -4.308103045650097e-6, -3.000840422054396e-7, -5.563376578826378e-7, -1.0057261277821375e-7, -3.561757873043851e-7, -7.820780706193178e-6, -4.296378660834609e-6, -6.807272672480465e-6, -8.707325982913131e-7, -4.120283356583241e-6, -6.611942537237828e-7, -1.5750331574051774e-7, -3.2763927966219055e-5, -7.705250597957528e-7, -2.541894971099315e-5, 7.1417923386914075e-6, 5.885952386881343e-6, -1.7452725694891598e-5, 6.3346575180735e-6, 3.8790531048906157e-5, 1.0278229890035135e-5, 3.208821794076352e-6, 2.1067222014106365e-6, -0.00013158385759198414, 3.3320961733573516e-7, -0.0001497478132521459, 4.367716638714429e-6, -0.0007997096909868368, -1.8072772198651917e-6, -0.00014414164445224382, 6.8153395217066155e-6, 2.227914653180887e-5, 8.165747149860997e-5, 6.22454276676637e-5, 6.214097179517745e-5, 1.5760061730497963e-6, 9.542356098240709e-6, 5.019879954066848e-6, -0.00030314903156292405, -0.00023898783511628794, 7.69110005850943e-6, -6.423646583188611e-5, 5.972015085981539e-6, 7.13576728625751e-5, 0.00020574212447879714, -2.9731335854707615e-5, 6.55991639846483e-5, 4.0037584454966774e-5, -5.5927437880084075e-6, 8.060896698355407e-7, -0.0015782324909329197, -0.0013165753252445823, -0.0021698605869989586, -9.123686675521336e-6, -0.0006013622868654873, -0.0020683695181622813, -5.9791504002684975e-5, 3.581415356327354e-5, 6.0476761961887095e-5, -3.391453742899748e-6, -0.0005005717859594765, -0.0001272454154260023, -6.894067914443274e-6, -0.000473742831697178, -0.003774946048841777, -0.013640733327124108, -8.874050276680737e-6, -4.957932639018843e-5, 1.1611922743284039e-5, 6.907259320731562e-7, 8.438571268746652e-6, 6.495684974893237e-6, 5.463149196070603e-6, 1.7410964195334723e-6, 9.401571786974458e-6, 0.00037308386144027346, -0.0010354668522604407, -0.002583554286791869, -4.561431110437254e-5, -0.00021029838331037393, 8.017073710084831e-7, -6.433826772934856e-5, -2.826082111437322e-6, 2.355183304984451e-5, 1.2167219422857265e-5, 1.1998191972893354e-7, -0.00017530543799366692, 1.9187978728500688e-6, -0.0023065104219123014, 2.2498083919029956e-5, 2.3602070478400414e-5, 7.954131813878293e-6, -1.6786346869003543e-5, 2.7369269671494514e-7, 2.1576815096859716e-6, 2.543564845372678e-5, 2.3222276741510827e-5, 4.674097927669422e-6, -6.491394409480131e-5, 5.937644454383304e-5, 3.593136657547343e-7, 1.3798838654637306e-6, 1.975922405854369e-6, 1.3656461286671966e-6, -1.1209322743339738e-7, 6.765230536967602e-6, 2.657294126656815e-5, 1.3122955251771145e-6, 6.031805081781064e-5, 2.0679376200796002e-5, 3.167717026754967e-5, 1.8165846204336853e-6, 1.8183471935465383e-6, -3.82489960628978e-6, 1.1031317888024385e-6, 1.1897800502166498e-5, 4.660824945209841e-5, 2.473189154251325e-6, 3.9266206278457897e-7, 3.768127191234997e-6, 5.476833467912083e-5, 2.9561410323215723e-5, -1.7647592220845255e-6, 3.7324297861617353e-6, -3.2816592353599296e-7, 1.5655667407203557e-6, 3.5549544074519115e-5, 2.1651481425348398e-5, 3.426084968893828e-5, 2.8394591136090327e-6, 3.359110556718642e-5, 5.785260416065895e-6, 1.67012719994085e-7, -0.0006382821459238329, 4.199820179759395e-5, -0.000551927373859144, -3.241814261137246e-5, -0.000718379028581707, -0.00040354439788472716, -3.2595824892267776e-5, -4.2166772299527446e-5, -7.45451641069692e-6, -6.293855567253317e-6, -4.772773809213647e-6, -0.00240557684171695, -4.095066043853079e-6, -0.002727348106668166, -0.0008591039680495049, -0.014470657617986158, -0.00010663864330085577, -0.002722827384948649, -0.00014766611901607327, -1.8130614086497802e-5, -5.2410409038584926e-5, -2.9023327598885935e-5, -6.54201477130324e-5, -6.901210389603763e-5, -4.789312989000177e-5, -0.0002620394919390065, -0.005481595168494, -0.005304877420918829, -0.003935555525136929, -0.0012411343607592828, -2.585896581707388e-5, -0.00026515571227325144, -0.0032327266648720827, -0.000994077975718499, -6.562815489917495e-5, -5.2787807527521734e-5, -0.00014439778615272386, -1.698467241725843e-5, -0.02963181979069985, -0.02512082555793123, -0.03819007222016011, -0.000856034529611611, -0.01905437836753925, -0.03607261327398437, -0.0011704075727049553, -0.00015547832388420647, -5.9961141152987604e-5, -0.00022783243466046894, -0.008829858547888939, -0.0029051997587478656, -0.00027725155959062623, -0.009655217076571404, -0.07218390456998415, -0.24181313719411315, -0.00028519032110497285, -0.002336967264956152, -2.1070383211932225e-5, -3.8119015294687804e-5, -6.917568237676695e-6, -0.0005258670183888297, -4.792010640583544e-5, -5.824059001697764e-6, -0.0007164587108703204, -0.010057107924178313, -0.02102480207160619, -0.045466525847367684, -0.004073785010662604, -0.0039389982419976415, -1.2027680638975315e-5, -0.0011481701903193406, -0.000201269399315869, -4.430724584864482e-5, -3.644625748604321e-5, -0.00032009530238328535, -0.0037908920759068673, -0.0001511216725603305, -0.041755159466620916, -0.00026538005506035293, -0.0004908352588170427, 7.313669104436551e-5, -0.0003477593138555895, -9.846994237234358e-6, -2.7303101670775104e-5, -2.282187576337102e-5, -5.892975733581265e-5, -2.2344313937762764e-5, -0.0012961677404308308, -0.002984193837955024, -4.277908531425469e-5, -1.931478569608706e-5, 3.901370343167149e-5, -1.9359153423560357e-5, -1.172482116455981e-5, -7.568293102164399e-6, -2.1461039122866476e-5, -7.264800780231763e-5, -4.638750042231486e-5, -6.634278295293105e-5, -0.00010108961525154368, -3.7017147946486525e-6, 4.812814512105204e-6, -7.047260959560818e-5, -3.880196144761942e-6, -1.3118187194743544e-5, -3.299805982875936e-5, -2.696107458063338e-6, -2.9146038700177037e-7, -6.022144190608297e-6, -3.504328788042383e-5, -5.4636573462799216e-5, -6.202498673106484e-5, 2.62434141695099e-5, -1.352306539863506e-5, -3.645135553608211e-6, -4.2296687811761366e-5, -3.518350778682229e-5, -2.6036619986027475e-5, -2.3087434589077593e-5, -2.427737395333451e-5, -4.7388576170144135e-6, -1.7508855628818078e-5, -0.00043562345698526777, 2.3508207086611957e-5, -0.0003889724234613619, -2.5067445288752196e-5, -0.0004927159885131718, -0.00028163943705680576, -2.0839614778956836e-5, -1.3146276081259537e-5, -4.709931784556941e-6, -2.8929561255940615e-6, -2.7710667991624922e-6, -0.0016829505724635908, -2.1631941033826855e-6, -0.001899238067505671, -0.0005784458741782171, -0.009979162947214505, -6.994183291922883e-5, -0.0018920036369902435, -8.750418165185726e-5, -9.119692981158275e-6, 5.97962233955026e-7, -2.1092075667829106e-6, -2.251298098948206e-5, -4.686479457844035e-5, -2.7252420127539707e-5, -0.00017829163719572123, -0.003787321902953194, -0.0035866577175328474, -0.0026437626825540333, -0.0008685825004527224, -1.5502796543778014e-5, -0.00016460158045036258, -0.00234965898228532, -0.0006854531002513065, -1.3038221507620778e-5, -1.5356982713991677e-5, -9.879426148676651e-5, -7.600714223734376e-6, -0.02047069655150121, -0.017372071513831223, -0.026346829028909984, -0.0005808530242795846, -0.013459349832085488, -0.024932482337346566, -0.0008142288536040725, -8.359418301465311e-5, -1.3423095630787397e-5, -0.00015267043997393677, -0.0060942582469871685, -0.0019498876852870294, -0.00018583859321866388, -0.0063893377769166995, -0.05014808995260182, -0.16523678173191308, -0.00016662969731590538, -0.001569385639997139, -1.5923992234637488e-5, -2.4632387748061433e-5, -1.7206742020754381e-7, -0.00037278712084858057, -7.142583946525768e-5, -3.44326545530856e-6, -0.0005407314681147198, -0.007185489516621213, -0.01442258217143471, -0.031531264701588936, -0.0027670646607353563, -0.0027304292408116154, -7.310328515312023e-6, -0.0008018763207499717, -0.0001355423633512239, -2.1739190391204108e-5, -9.109212866409422e-5, -0.00023441142244758507, -0.002678460643013833, -8.588681576194787e-5, -0.02881026787138378, -0.00024741771320877307, -0.00033942709318867835, 5.305776757219549e-5, -0.00024220961983649654, -6.4196385165110614e-6, -1.811629584725586e-5, -3.286864723437734e-5, -2.7212398861632507e-5, -1.3940504384405599e-5, -0.0008952285800584536, -0.0019996859588720457, -2.9329014514990585e-5, -1.6251577786926923e-5, 2.6269112318820682e-5, -1.2963387710406048e-5, -8.053044154581195e-6, -5.360271137612189e-6, -3.7028524861879367e-6, -4.441014868297342e-5, -6.807807630271855e-6, -5.828793851560786e-5, -0.00010190704383583951, -3.73743452375592e-6, 2.3857473661400425e-6, -4.895766369334602e-5, -2.3391263329344218e-6, -4.335111545315578e-6, -4.8617729406794444e-8, -5.992174561327977e-7, -9.54777794190875e-9, -2.300928699377385e-6, 1.5696560024453833e-6, -2.3119620085819328e-5, -4.204498867092831e-5, 1.7169613898400035e-5, -9.22229702629855e-6, -2.352518059041799e-6, -1.827849931401032e-5, -1.4792988035111643e-5, 1.2146521011213978e-6, -1.4786619104502612e-5, -1.7285024421921213e-6, -1.8206569342891187e-6, -1.132749313214232e-5, -0.00011418988430416657, -1.975561781629876e-6, -0.00010100322537788834, -9.69623573829001e-6, -0.00012682753454014428, -7.264864059827584e-5, -5.8450602312101925e-6, -4.219336009476937e-6, -5.371310833239898e-6, -9.77552487089377e-7, -8.639033641839487e-7, -0.0004371900600086834, -7.008075006813557e-7, -0.0004969206817555813, -0.00014630175263947976, -0.002584631780616014, -1.825751790950265e-5, -0.00048521432950292005, -2.5303136104067644e-5, -7.137347039784872e-6, -3.466305647572285e-6, 5.425524578642552e-7, -1.0826039449531987e-5, -1.2316482293457946e-5, -9.170298098407689e-6, -4.68319815967351e-5, -0.0009604505917548311, -0.0008934697726091085, -0.0006681611732069367, -0.0002313609156663598, -1.968845389056697e-6, -3.755272922421459e-5, -0.0006028660247193061, -0.00017884011916957372, -7.690748309392616e-6, -6.760568001393068e-6, -2.5387069531106546e-5, -2.0536493871130008e-6, -0.005217105182232551, -0.004436015421741421, -0.006786391863815971, -0.0001486276662654172, -0.0033107235035774924, -0.006420638041148975, -0.0002104110425440479, -2.7358586257976523e-5, -7.418823816559596e-6, -4.258606003030695e-5, -0.001569562248590635, -0.0004822465612066716, -5.07789797786301e-5, -0.0015561856363784073, -0.012801225113839073, -0.042279643839835, -4.3539670273724644e-5, -0.00041099877836086777, -1.6984755993209276e-5, -6.730544045947763e-6, -1.418666717146761e-6, -9.94295452861043e-5, -4.792380470899568e-5, -6.622315126345989e-7, -0.00015287425417663363, -0.001788346928148889, -0.003667068226476079, -0.008075227735101055, -0.0007091702832455766, -0.0007076091464668689, -2.0160088168730966e-6, -0.00021128815319076824, -4.164567345812183e-5, -7.579946021308345e-6, -8.647689478757242e-5, -6.571660909691652e-5, -0.0006819915229744458, -2.7802294394364845e-5, -0.007482376169040754, -0.00011709326880520593, -9.324421350300448e-5, 2.838965234465505e-6, -6.136035275010722e-5, -1.7382318081661302e-6, -5.116400592428366e-6, -3.0652567129422353e-5, -1.0031211899461708e-5, -4.3035295057745025e-6, -0.00023151797660706246, -0.0005078709170969334, -7.362525642558575e-6, -7.20261190871813e-6, 2.7297274241195636e-6, -3.480504503085074e-6, -2.3718427769921094e-6, -4.906451982179382e-6, -4.379214502985354e-6, -1.1783614153364468e-5, -4.842656277031544e-6, -3.699725755306957e-5, -6.982681091033394e-5, -3.510505613931337e-6, -1.3541545970200417e-6, -1.2698508210701393e-5, -1.231446535682266e-6, -1.92965912865716e-6, -2.551818515515074e-6, -2.0708357430948045e-7, -1.7690670849990035e-8, -8.017699418378602e-7, -4.4257474041929645e-6, -1.0338448102226692e-5, -1.177498197031451e-5, -6.005531432682915e-7, -2.693512504869987e-6, -5.7556406140441e-7, -1.0370439313681784e-5, -7.486913859440936e-6, -1.5311416147893763e-6, -3.910071548233248e-6, -2.196388022344172e-6, -1.9624200768260727e-6, -3.594835469962845e-6, -0.00015202367340616356, -1.3708483705503031e-5, -0.0001319125148259246, -1.0945027798896483e-5, -0.0001755078754527076, -9.188168047932725e-5, -7.0914591135359025e-6, -7.818034140095846e-6, -1.312188087885819e-6, -1.476368827691625e-6, -1.5649227359063609e-6, -0.0005475708535085978, -9.966615742216904e-7, -0.0006312901372837707, -0.0002102603248952551, -0.0032908144826259435, -2.616282579493963e-5, -0.0006096760543303702, -3.571835341082373e-5, -2.370836130397144e-6, -1.0481279011374453e-5, -2.2919450922273196e-5, -1.3103711443432798e-5, -1.5720930714806973e-5, -1.1148897004348562e-5, -6.124517111228252e-5, -0.001250401702130785, -0.001290383383161017, -0.000915168687733343, -0.00028331155777673415, -1.2901981580119294e-5, -9.282379984347586e-5, -0.0007803955013350296, -0.00022808075581080682, -7.978229084324925e-6, -7.096198750986861e-6, -3.248732951226924e-5, -7.310357895238235e-6, -0.006695942931986905, -0.005796828127953289, -0.008647420890507407, -0.00025231898345489333, -0.004728727104377766, -0.008005284630733165, -0.0002642384092187769, -2.9515611278163427e-5, -6.816640506966242e-6, -5.157393535028463e-5, -0.001973474352348047, -0.0007184060013122294, -8.548806478122457e-5, -0.0023620302965854448, -0.016563567978393465, -0.052965983807903225, -6.450069987862673e-5, -0.0005179306822206714, -5.230986355787034e-6, -8.322769893110045e-6, -2.117316522754777e-6, -0.0001241954514955737, -8.109366727302673e-6, -4.558732587745586e-6, -0.00017641576529918055, -0.002475767836292272, -0.0047604532659586765, -0.01011513505839259, -0.0009364083848696142, -0.0008881361155893951, -2.828582090707416e-6, -0.00027093870426890673, -6.10892799496731e-5, -1.0807197160144812e-5, 4.931959436924559e-6, -7.946496509689347e-5, -0.0008643857628738055, -3.498481632528802e-5, -0.009364622899747484, -6.272520748192793e-5, -0.00012162438820842057, -1.181818277364759e-5, -8.69576331181763e-5, -2.473020356354204e-6, -6.481148789426331e-6, -1.7545367219512498e-7, -1.3935853862101543e-5, -4.904056271345188e-6, -0.0002915425195630271, -0.0007058213761861399, -1.0562526795274759e-5, -4.217664283644385e-6, -2.976913309835766e-6, -8.048248980549368e-6, -3.3731976474437773e-6, -2.2173329937706827e-7, -1.3078403018566137e-6, -1.5873969573045185e-5, -3.5700056083779602e-6, -1.0486913626878668e-5, -1.3623223025594888e-5, -6.840982197133232e-7, -4.349776188174344e-6, -1.7351979695913455e-5, -9.443528425135447e-7, -1.6617249162360036e-6, -1.4283722354051925e-6, -4.1164397846738736e-7, -4.7067249492712326e-8, -1.4510440184763336e-6, -2.5092129472313943e-6, -8.777208415645596e-6, -1.7562785177582287e-5, -1.0703149193586232e-5, -3.3690297343137807e-6, -1.1766734725032193e-6, -6.7086523894615896e-6, -4.364278666189707e-6, -1.608388624309981e-6, -5.547159951486361e-6, -1.8266073462740738e-6, -5.524704082550771e-7, -5.321132808091856e-6]"
